33.47
33.47
33.47
33.48
33.52
33.55
33.62
34.48
34.48
34.5
34.5
34.5
34.5
34.5
34.51
34.51
34.51
34.51
34.51
34.51
34.51
34.51
34.51
34.51
34.51
34.51
34.51
34.51
34.51
34.51
34.51
34.51
34.51
34.51
34.51
34.51
34.51
34.51
34.51
34.51
34.51
34.52
34.52
34.52
34.52
34.52
34.52
34.52
34.52
34.52
34.56
34.56
34.56
34.56
34.57
34.57
34.57
34.57
34.57
34.57
34.57
34.57
34.57
34.57
34.57
34.57
34.57
34.57
34.57
34.57
34.57
34.57
34.58
34.58
34.59
34.59
34.59
34.59
34.59
34.59
34.59
34.59
34.59
34.59
34.59
34.59
34.59
34.59
34.59
34.59
34.6
34.61
34.61
34.61
34.61
34.61
34.62
34.62
34.62
34.62
34.62
34.62
34.62
34.62
34.63
34.63
34.63
34.63
34.63
34.63
34.63
34.63
34.63
34.63
34.63
34.63
34.63
34.63
34.63
34.63
34.64
34.64
34.64
34.64
34.64
34.64
34.64
34.64
34.64
34.64
34.64
34.64
34.64
34.64
34.64
34.64
34.64
34.64
34.64
34.64
34.65
34.65
34.65
34.65
34.65
34.65
34.65
34.65
34.65
34.65
34.65
34.65
34.65
34.65
34.65
34.65
34.65
34.65
34.65
34.65
34.65
34.65
34.65
34.65
34.65
34.65
34.65
34.65
34.65
34.65
34.65
34.65
34.65
34.65
34.65
34.65
34.65
34.65
34.65
34.65
34.66
34.66
34.66
34.66
34.68
34.69
34.69
34.69
34.69
34.69
34.69
34.69
34.69
34.69
34.69
34.69
34.69
34.69
34.69
34.69
34.69
34.69
34.69
34.69
34.69
34.69
34.69
34.69
34.69
34.69
34.69
34.69
34.7
34.7
34.7
34.7
34.7
34.7
34.7
34.7
34.7
34.71
34.71
34.71
34.71
34.71
34.71
34.71
34.71
34.71
34.71
34.71
34.71
34.71
34.71
34.71
34.71
34.71
34.71
34.71
34.71
34.71
34.71
34.71
34.71
34.71
34.71
34.71
34.71
34.71
34.71
34.72
34.72
34.72
34.72
34.72
34.72
34.72
34.72
34.72
34.72
34.72
34.72
34.72
34.72
34.72
34.72
34.72
34.72
34.72
34.72
34.72
34.72
34.72
34.72
34.72
34.72
34.72
34.72
34.72
34.72
34.72
34.72
34.72
34.72
34.72
34.72
34.72
34.72
34.72
34.72
34.72
34.72
34.72
34.72
34.72
34.72
34.72
34.72
34.72
34.72
34.72
34.72
34.72
34.72
34.72
34.73
34.73
34.73
34.73
34.73
34.73
34.73
34.73
34.73
34.73
34.73
34.73
34.73
34.73
34.73
34.73
34.73
34.73
34.73
34.73
34.73
34.73
34.73
34.73
34.73
34.73
34.73
34.73
34.73
34.73
34.74
34.74
34.74
34.74
34.74
34.74
34.74
34.74
34.74
34.74
34.74
34.74
34.74
34.74
34.74
34.74
34.74
34.74
34.74
34.74
34.74
34.74
34.74
34.74
34.74
34.74
34.74
34.74
34.75
34.75
34.75
34.75
34.75
34.75
34.75
34.75
34.75
34.75
34.75
34.75
34.75
34.75
34.76
34.76
34.76
34.76
34.76
34.76
34.76
34.76
34.76
34.76
34.76
34.76
34.76
34.76
34.76
34.76
34.76
34.76
34.76
34.76
34.76
34.76
34.76
34.77
34.77
34.77
34.77
34.77
34.77
34.77
34.77
34.77
34.77
34.77
34.77
34.77
34.77
34.77
34.77
34.77
34.77
34.77
34.77
34.77
34.77
34.77
34.77
34.77
34.77
34.77
34.77
34.77
34.77
34.77
34.78
34.78
34.78
34.78
34.78
34.78
34.78
34.78
34.78
34.78
34.78
34.78
34.78
34.78
34.78
34.78
34.78
34.78
34.78
34.78
34.78
34.78
34.78
34.78
34.78
34.78
34.78
34.78
34.78
34.78
34.78
34.78
34.78
34.78
34.78
34.79
34.79
34.79
34.79
34.79
34.79
34.79
34.79
34.79
34.79
34.79
34.79
34.81
34.81
34.81
34.81
34.81
34.81
34.81
34.81
34.81
34.81
34.81
34.81
34.81
34.81
34.81
34.81
34.81
34.81
34.81
34.81
34.82
34.82
34.82
34.82
34.82
34.82
34.82
34.82
34.82
34.82
34.82
34.82
34.82
34.82
34.82
34.82
34.83
34.83
34.83
34.83
34.83
34.83
34.83
34.83
34.83
34.83
34.84
34.84
34.84
34.84
34.84
34.84
34.84
34.84
34.84
34.84
34.84
34.84
34.84
34.84
34.84
34.84
34.84
34.84
34.84
34.84
34.84
34.84
34.84
34.84
34.84
34.84
34.84
34.84
34.84
34.84
34.84
34.84
34.84
34.84
34.84
34.84
34.84
34.84
34.84
34.84
34.84
34.84
34.84
34.84
34.84
34.84
34.84
34.84
34.84
34.84
34.84
34.84
34.84
34.84
34.84
34.84
34.84
34.84
34.84
34.84
34.84
34.84
34.84
34.84
34.84
34.84
34.84
34.84
34.84
34.84
34.84
34.84
34.84
34.84
34.84
34.84
34.84
34.85
34.85
34.85
34.85
34.85
34.85
34.85
34.85
34.85
34.85
34.85
34.85
34.85
34.85
34.85
34.86
34.86
34.86
34.86
34.86
34.86
34.86
34.86
34.86
34.86
34.86
34.86
34.86
34.86
34.86
34.86
34.87
34.87
34.87
34.87
34.87
34.87
34.87
34.87
34.87
34.87
34.87
34.87
34.87
34.87
34.87
34.87
34.87
34.87
34.87
34.87
34.87
34.87
34.87
34.87
34.87
34.87
34.87
34.87
34.87
34.87
34.87
34.87
34.88
34.88
34.88
34.88
34.88
34.88
34.88
34.88
34.88
34.88
34.88
34.88
34.88
34.88
34.88
34.89
34.89
34.89
34.89
34.89
34.89
34.89
34.89
34.89
34.89
34.89
34.89
34.89
34.89
34.89
34.89
34.89
34.89
34.9
34.9
34.9
34.9
34.9
34.9
34.9
34.9
34.9
34.9
34.9
34.9
34.9
34.9
34.9
34.9
34.9
34.9
34.9
34.9
34.9
34.9
34.9
34.9
34.9
34.9
34.9
34.9
34.9
34.9
34.9
34.9
34.9
34.9
34.9
34.9
34.9
34.9
34.9
34.9
34.9
34.9
34.9
34.9
34.9
34.9
34.9
34.9
34.9
34.9
34.9
34.9
34.91
34.91
34.91
34.91
34.91
34.91
34.91
34.91
34.91
34.92
34.92
34.92
34.92
34.92
34.92
34.92
34.92
34.92
34.92
34.92
34.92
34.92
34.92
34.92
34.92
34.92
34.92
34.92
34.92
34.92
34.92
34.92
34.92
34.92
34.92
34.92
34.92
34.92
34.92
34.92
34.92
34.92
34.92
34.92
34.92
34.92
34.92
34.92
34.92
34.92
34.92
34.92
34.92
34.92
34.92
34.92
34.92
34.92
34.92
34.92
34.92
34.92
34.92
34.93
34.93
34.93
34.93
34.93
34.93
34.93
34.93
34.93
34.93
34.93
34.93
34.93
34.93
34.93
34.93
34.93
34.93
34.93
34.93
34.93
34.93
34.93
34.93
34.93
34.93
34.93
34.93
34.93
34.93
34.93
34.93
34.93
34.93
34.93
34.93
34.93
34.93
34.93
34.93
34.93
34.93
34.93
34.93
34.93
34.93
34.93
34.93
34.93
34.93
34.93
34.93
34.93
34.93
34.93
34.93
34.93
34.93
34.93
34.93
34.93
34.93
34.93
34.93
34.93
34.94
34.94
34.94
34.94
34.94
34.94
34.94
34.94
34.94
34.94
34.94
34.94
34.94
34.94
34.94
34.94
34.94
34.94
34.94
34.94
34.94
34.94
34.94
34.94
34.94
34.94
34.94
34.94
34.94
34.94
34.94
34.94
34.94
34.94
34.94
34.94
34.94
34.95
34.95
34.95
34.95
34.95
34.95
34.95
34.95
34.95
34.95
34.95
34.95
34.95
34.95
34.95
34.95
34.95
34.95
34.95
34.95
34.95
34.95
34.95
34.95
34.95
34.95
34.95
34.95
34.95
34.95
34.95
34.95
34.95
34.95
34.95
34.95
34.95
34.95
34.95
34.95
34.95
34.95
34.95
34.95
34.95
34.95
34.95
34.95
34.95
34.95
34.95
34.95
34.95
34.95
34.95
34.95
34.95
34.95
34.95
34.95
34.95
34.95
34.96
34.96
34.96
34.96
34.96
34.96
34.96
34.96
34.96
34.96
34.96
34.96
34.96
34.96
34.96
34.96
34.96
34.96
34.96
34.96
34.96
34.96
34.96
