2.48
2.48
2.48
2.48
2.48
2.48
2.48
2.48
2.52
2.63
2.65
2.74
2.74
2.74
2.74
2.74
2.74
2.74
2.74
2.74
2.74
2.74
2.74
2.75
2.75
2.75
2.75
2.76
2.76
2.75
2.75
2.76
2.77
2.76
2.78
2.78
2.78
2.78
2.77
2.83
2.84
2.88
2.88
2.88
2.88
2.88
2.89
2.89
2.9
2.9
2.9
2.9
2.9
2.91
2.91
2.91
2.91
2.9
2.91
2.91
2.92
2.92
2.92
2.92
2.92
2.92
2.92
2.92
2.92
2.92
2.92
2.92
2.92
2.92
2.92
2.92
2.93
2.94
2.94
2.94
2.94
2.94
2.94
2.94
2.94
2.94
2.94
2.94
2.94
2.94
2.95
2.95
2.95
2.95
2.95
2.95
2.96
2.96
2.96
2.96
2.96
2.96
2.96
2.96
2.96
2.96
2.96
2.96
2.96
2.96
2.96
2.96
2.96
2.97
2.97
2.97
2.97
2.97
2.97
2.97
2.97
2.97
2.97
2.97
2.98
2.98
2.98
2.98
2.98
2.99
2.99
2.99
2.99
2.99
2.99
2.99
2.99
2.99
2.99
3
3
3
3
3
3
3
3
3
3
3
3
3
3
3
3
3.01
3.01
3.01
3.01
3.02
3.02
3.02
3.02
3.02
3.02
3.02
3.03
3.03
3.03
3.03
3.03
3.03
3.03
3.03
3.03
3.03
3.03
3.03
3.04
3.04
3.04
3.04
3.04
3.04
3.04
3.04
3.04
3.04
3.05
3.05
3.05
3.05
3.05
3.05
3.05
3.05
3.05
3.05
3.06
3.06
3.06
3.06
3.06
3.06
3.06
3.07
3.07
3.07
3.07
3.07
3.07
3.07
3.07
3.07
3.07
3.07
3.08
3.08
3.08
3.08
3.08
3.08
3.08
3.08
3.08
3.08
3.08
3.08
3.08
3.08
3.08
3.09
3.09
3.09
3.09
3.09
3.09
3.09
3.09
3.09
3.09
3.09
3.09
3.09
3.09
3.09
3.09
3.09
3.09
3.09
3.09
3.1
3.1
3.1
3.1
3.1
3.1
3.1
3.1
3.1
3.1
3.1
3.1
3.1
3.1
3.1
3.1
3.1
3.1
3.1
3.1
3.11
3.11
3.11
3.11
3.11
3.11
3.11
3.11
3.11
3.11
3.11
3.11
3.11
3.11
3.11
3.11
3.11
3.11
3.11
3.11
3.11
3.11
3.11
3.11
3.11
3.11
3.11
3.11
3.11
3.11
3.11
3.11
3.11
3.12
3.12
3.12
3.12
3.12
3.12
3.12
3.12
3.13
3.13
3.13
3.13
3.13
3.13
3.13
3.13
3.13
3.13
3.14
3.14
3.14
3.14
3.14
3.14
3.14
3.14
3.14
3.14
3.14
3.15
3.15
3.15
3.15
3.15
3.15
3.15
3.15
3.16
3.16
3.16
3.16
3.16
3.16
3.16
3.16
3.16
3.16
3.16
3.16
3.16
3.17
3.17
3.19
3.19
3.19
3.2
3.2
3.2
3.2
3.2
3.2
3.2
3.2
3.2
3.21
3.22
3.22
3.22
3.22
3.22
3.22
3.22
3.22
3.22
3.22
3.22
3.22
3.22
3.22
3.22
3.22
3.22
3.22
3.23
3.23
3.23
3.23
3.23
3.23
3.23
3.23
3.23
3.23
3.23
3.24
3.25
3.25
3.26
3.26
3.26
3.26
3.26
3.26
3.26
3.26
3.26
3.26
3.26
3.26
3.26
3.26
3.26
3.26
3.26
3.26
3.26
3.26
3.26
3.26
3.26
3.26
3.26
3.27
3.27
3.27
3.27
3.27
3.27
3.27
3.27
3.27
3.28
3.28
3.28
3.28
3.28
3.28
3.28
3.3
3.3
3.3
3.3
3.3
3.3
3.31
3.31
3.31
3.31
3.31
3.31
3.31
3.31
3.31
3.31
3.31
3.31
3.32
3.32
3.32
3.32
3.32
3.32
3.32
3.33
3.33
3.33
3.33
3.33
3.33
3.33
3.33
3.33
3.33
3.33
3.35
3.37
3.37
3.37
3.37
3.37
3.37
3.38
3.39
3.39
3.39
3.39
3.39
3.39
3.39
3.39
3.39
3.39
3.39
3.39
3.39
3.39
3.39
3.39
3.39
3.39
3.39
3.39
3.4
3.4
3.4
3.4
3.4
3.4
3.4
3.4
3.4
3.4
3.4
3.4
3.4
3.4
3.41
3.41
3.41
3.41
3.41
3.41
3.41
3.41
3.41
3.42
3.42
3.42
3.42
3.42
3.43
3.43
3.43
3.43
3.43
3.43
3.43
3.43
3.43
3.43
3.44
3.44
3.44
3.44
3.44
3.44
3.44
3.44
3.44
3.44
3.44
3.44
3.44
3.44
3.44
3.44
3.44
3.44
3.44
3.44
3.44
3.44
3.45
3.45
3.45
3.45
3.45
3.45
3.45
3.45
3.45
3.45
3.45
3.45
3.45
3.45
3.45
3.45
3.5
3.5
3.5
3.5
3.5
3.51
3.51
3.51
3.51
3.51
3.51
3.51
3.51
3.51
3.51
3.51
3.51
3.51
3.51
3.51
3.51
3.51
3.51
3.51
3.51
3.52
3.52
3.52
3.52
3.52
3.52
3.52
3.52
3.52
3.52
3.52
3.52
3.52
3.52
3.52
3.52
3.52
3.52
3.52
3.53
3.53
3.53
3.53
3.54
3.54
3.54
3.54
3.55
3.55
3.55
3.55
3.55
3.55
3.55
3.55
3.55
3.55
3.55
3.55
3.55
3.55
3.56
3.56
3.56
3.56
3.56
3.56
3.56
3.56
3.57
3.57
3.57
3.57
3.57
3.57
3.57
3.57
3.57
3.57
3.57
3.57
3.57
3.57
3.57
3.57
3.57
3.57
3.57
3.57
3.57
3.57
3.57
3.57
3.57
3.57
3.57
3.57
3.57
3.57
3.57
3.58
3.58
3.58
3.58
3.58
3.58
3.58
3.58
3.58
3.58
3.58
3.58
3.58
3.58
3.58
3.58
3.58
3.58
3.58
3.58
3.58
3.58
3.58
3.59
3.59
3.59
3.59
3.59
3.59
3.59
3.59
3.59
3.59
3.59
3.59
3.59
3.6
3.6
3.6
3.6
3.6
3.6
3.6
3.6
3.6
3.6
3.6
3.6
3.6
3.6
3.6
3.6
3.6
3.6
3.6
3.6
3.6
3.6
3.6
3.6
3.6
3.6
3.6
3.6
3.6
3.6
3.6
3.6
3.61
3.61
3.61
3.61
3.61
3.61
3.61
3.61
3.62
3.62
3.62
3.62
3.62
3.62
3.63
3.63
3.63
3.63
3.63
3.63
3.63
3.64
3.64
3.64
3.64
3.64
3.64
3.64
3.64
3.64
3.64
3.65
3.65
3.65
3.65
3.65
3.65
3.65
3.65
3.65
3.65
3.65
3.65
3.65
3.65
3.66
3.66
3.66
3.66
3.66
3.66
3.66
3.66
3.66
3.66
3.66
3.66
3.67
3.67
3.67
3.67
3.67
3.67
3.67
3.67
3.67
3.67
3.67
3.67
3.67
3.67
3.66
3.67
3.67
3.66
3.67
3.69
3.69
3.69
3.68
3.69
3.69
3.69
3.69
3.69
3.68
3.69
3.69
3.69
3.68
3.69
3.69
3.69
3.69
3.69
3.7
3.7
3.7
3.7
3.69
3.7
3.69
3.69
3.69
3.7
3.7
3.71
3.7
3.71
3.7
3.71
3.71
3.7
3.71
3.71
3.71
3.71
3.71
3.7
3.7
3.71
3.71
3.7
3.7
3.71
3.71
3.71
3.71
3.72
3.71
3.71
3.72
3.71
3.72
3.72
3.72
3.71
3.72
3.71
3.71
3.71
3.71
3.71
3.72
3.72
3.72
3.72
3.72
3.72
3.73
3.72
3.72
3.72
3.72
3.72
3.72
3.74
3.73
3.73
3.73
3.73
3.74
3.73
3.73
3.73
3.73
3.73
3.73
3.73
3.73
3.73
3.73
3.73
3.73
3.73
3.73
3.73
3.74
3.74
3.74
3.74
3.74
3.74
3.74
3.74
3.74
3.74
3.74
3.74
3.74
3.74
3.74
3.74
3.75
3.75
3.74
3.74
3.74
3.76
3.75
3.75
3.75
3.75
3.75
3.75
3.75
3.75
3.75
3.75
3.75
3.75
3.75
3.75
3.75
3.75
3.75
3.75
3.75
3.75
3.76
3.76
3.77
3.77
3.76
3.76
3.76
3.76
3.76
3.76
3.76
3.76
3.76
3.76
3.76
3.76
3.77
3.77
3.77
3.77
3.77
3.77
3.77
3.77
3.77
3.77
3.77
3.77
3.77
3.77
3.78
3.78
3.78
3.79
3.78
3.78
3.78
3.78
3.78
3.78
3.78
3.78
3.79
3.78
3.78
3.78
3.79
3.78
3.78
3.79
3.8
3.79
3.79
3.79
3.79
3.79
3.8
3.79
3.79
3.79
3.79
3.79
3.79
3.79
3.79
3.79
3.79
3.79
3.79
3.79
3.79
3.8
3.8
3.79
3.79
3.79
3.8
3.79
3.79
3.8
3.79
3.79
3.79
3.8
3.8
3.79
3.79
3.8
3.79
3.79
3.79
3.79
3.79
3.8
3.8
3.8
3.81
3.8
3.8
3.8
3.8
3.8
3.8
3.8
3.8
3.8
3.8
3.8
3.8
3.8
3.8
3.8
3.8
3.8
3.81
3.82
3.81
3.81
3.81
3.81
3.81
3.81
3.81
3.81
3.81
3.81
3.81
3.81
3.81
3.81
3.81
3.81
3.81
3.81
3.81
3.81
3.81
3.81
3.81
3.81
3.81
3.81
3.82
3.81
3.81
3.81
3.81
3.81
3.81
3.82
3.82
3.82
3.82
3.82
3.82
3.82
3.82
3.86
3.85
3.85
3.85
3.85
3.85
3.85
3.85
3.85
3.85
3.85
3.85
3.85
3.85
3.86
3.86
3.86
3.86
3.86
3.86
3.86
3.86
3.86
3.86
3.86
3.86
3.86
3.86
3.86
3.86
3.86
3.86
3.86
3.86
3.86
3.86
3.86
3.86
3.86
3.86
3.86
3.86
3.86
3.86
3.86
3.86
3.86
3.87
3.87
3.87
3.87
3.87
3.87
3.87
3.87
3.87
3.87
3.87
3.87
3.87
3.87
3.87
3.89
3.88
3.88
3.88
3.89
3.89
3.89
3.89
3.89
3.89
3.89
3.89
3.89
3.89
3.89
3.89
3.89
3.89
3.89
3.9
3.9
3.9
3.9
3.9
3.91
3.91
3.91
3.91
3.91
3.91
3.91
3.91
3.92
3.92
3.92
3.92
3.92
3.92
3.92
3.92
3.92
3.92
3.92
3.92
3.92
3.92
3.92
3.93
3.93
3.93
3.93
3.93
3.93
3.93
3.93
3.93
3.94
3.94
3.94
3.94
3.94
3.94
3.94
3.94
3.94
3.94
3.94
3.94
3.95
3.95
3.95
3.95
3.95
3.95
3.95
3.95
3.95
3.95
3.95
3.95
3.95
3.95
3.95
3.96
3.95
3.96
3.95
3.95
3.95
3.95
3.95
3.95
3.95
3.95
3.95
3.96
3.96
3.96
3.96
3.96
3.96
3.96
3.96
3.96
3.96
3.96
3.96
3.96
3.96
3.96
3.96
3.96
3.96
3.96
3.96
3.96
3.96
3.96
3.97
3.97
3.97
3.97
3.97
3.97
3.97
3.97
3.97
3.97
3.97
3.97
3.97
3.97
3.97
3.97
3.97
3.97
3.97
3.97
3.97
3.97
3.97
3.97
3.97
3.97
3.97
3.98
3.98
3.98
3.98
3.98
3.98
3.98
3.98
3.98
3.98
3.98
3.98
3.98
3.98
3.98
3.98
3.98
3.98
3.98
3.98
3.98
3.98
3.98
3.98
3.98
3.98
3.98
3.98
3.98
3.98
3.98
3.99
3.99
3.99
3.99
3.99
3.99
3.99
3.99
3.99
3.99
3.99
3.99
3.99
3.99
3.99
3.99
3.99
3.99
3.99
3.99
3.99
3.99
3.99
3.99
3.99
3.99
3.99
3.99
3.99
3.99
3.99
3.99
3.99
3.99
3.99
3.99
3.99
3.99
3.99
3.99
3.99
3.99
3.99
3.99
3.99
3.99
3.99
3.99
3.99
3.99
3.99
3.99
3.99
3.99
3.99
4
4
4
4
4
4
4
4
4
4
4
4
4
4
4
4
4
4
4.01
4.01
4.01
4.01
4.01
4.01
4.01
4.01
4.01
4.01
4.01
4.01
4.01
4.01
4.01
4.01
4.01
4.01
4.01
4.01
4.01
4.01
4.01
4.01
4.01
4.01
4.02
4.02
4.02
4.02
4.02
4.02
4.02
4.02
4.02
4.02
4.02
4.02
4.02
4.02
4.02
4.02
4.03
4.03
4.03
4.03
4.03
4.03
4.03
4.03
4.03
4.03
4.03
4.03
4.04
4.04
4.04
4.04
4.04
4.04
4.04
4.04
4.04
4.04
4.04
4.04
4.04
4.04
4.04
4.04
4.04
4.04
4.04
4.04
4.05
4.05
4.05
4.05
4.05
4.05
4.05
4.05
4.05
4.05
4.05
4.05
4.05
4.05
4.05
4.06
4.06
4.06
4.06
4.06
4.06
4.06
4.06
4.06
4.06
4.06
4.06
4.06
4.06
4.06
4.06
4.06
4.06
4.06
4.06
4.06
4.06
4.06
4.06
4.06
4.06
4.06
4.06
4.06
4.06
4.06
4.06
4.06
4.06
4.07
4.07
4.07
4.07
4.07
4.07
4.07
4.07
4.07
4.07
4.07
4.07
4.07
4.07
4.07
4.07
4.07
4.07
4.07
4.07
4.07
4.07
4.07
4.07
4.07
4.07
4.07
4.07
4.07
4.08
4.08
4.08
4.08
4.08
4.08
4.08
4.08
4.08
4.08
4.08
4.08
4.08
4.08
4.08
4.08
4.08
4.08
4.08
4.08
4.08
4.08
4.08
4.08
4.08
4.08
4.08
4.08
4.08
4.08
4.08
4.08
4.08
4.09
4.09
4.09
4.09
4.09
4.09
4.09
4.09
4.09
4.09
4.09
4.09
4.09
4.09
4.09
4.09
4.09
4.09
4.09
4.09
4.09
4.09
4.09
4.09
4.09
4.09
4.09
4.09
4.09
4.09
4.09
4.09
4.09
4.09
4.09
4.09
4.09
4.09
4.09
4.09
4.09
4.09
4.09
4.09
4.09
4.09
4.09
4.09
4.09
4.09
4.1
4.1
4.1
4.1
4.1
4.1
4.11
4.11
4.11
4.11
4.11
4.11
4.11
4.11
4.11
4.11
4.11
4.11
4.11
4.11
4.11
4.11
4.11
4.11
4.11
4.11
4.11
4.11
4.11
4.12
4.12
4.12
4.12
4.12
4.12
4.12
4.12
4.12
4.12
4.12
4.12
4.12
4.12
4.12
4.12
4.12
4.12
4.12
4.12
4.12
4.12
4.13
4.13
4.13
4.13
4.13
4.13
4.13
4.13
4.13
4.13
4.13
4.13
4.13
4.13
4.13
4.13
4.13
4.13
4.13
4.13
4.13
4.13
4.13
4.13
4.13
4.13
4.13
4.13
4.13
4.13
4.13
4.13
4.13
4.13
4.13
4.13
4.13
4.13
4.13
4.14
4.14
4.14
4.14
4.14
4.14
4.15
4.15
4.15
4.15
4.15
4.15
4.15
4.15
4.15
4.15
4.15
4.15
4.15
4.15
4.15
4.15
4.15
4.15
4.15
4.15
4.15
4.15
4.15
4.15
4.15
4.15
4.15
4.15
4.15
4.15
4.15
4.15
4.15
4.15
4.15
4.15
4.15
4.15
4.15
4.15
4.15
4.15
4.15
4.15
4.15
4.15
4.15
4.15
4.15
4.15
4.16
4.16
4.16
4.16
4.16
4.16
4.16
4.16
4.16
4.16
4.16
4.16
4.16
4.16
4.16
4.16
4.16
4.16
4.16
4.16
4.16
4.16
4.16
4.16
4.16
4.16
4.16
4.16
4.16
4.16
4.17
4.17
4.17
4.17
4.17
4.17
4.17
4.17
4.17
4.17
4.17
4.17
4.17
4.17
4.17
4.17
4.17
4.17
4.17
4.17
4.17
4.17
4.17
4.17
4.17
4.17
4.17
4.17
4.17
4.17
4.17
4.18
4.18
4.18
4.18
4.18
4.18
4.18
4.18
4.18
4.18
4.18
4.18
4.18
4.18
4.18
4.18
4.18
4.18
4.18
4.18
4.18
4.18
4.18
4.18
4.18
4.18
4.18
4.18
4.18
4.19
4.19
4.19
4.19
4.19
4.19
4.19
4.19
4.19
4.19
4.19
4.19
4.19
4.19
4.19
4.19
4.19
4.19
4.19
4.19
4.19
4.19
4.19
4.19
4.19
4.2
4.2
4.2
4.2
4.2
4.2
4.2
4.2
4.2
4.2
4.2
4.2
4.2
4.2
4.2
4.2
4.2
4.2
4.2
4.2
4.2
4.2
4.2
4.2
4.2
4.2
4.2
4.2
4.2
4.2
4.2
4.2
4.2
4.2
4.2
4.2
4.2
4.21
4.21
4.21
4.21
4.21
4.21
4.21
4.21
4.21
4.21
4.21
4.21
4.21
4.21
4.21
4.21
4.21
4.21
4.21
4.21
4.21
4.21
4.21
4.21
4.21
