2.38
4.1
4.1
4.1
4.1
4.12
4.12
4.12
4.12
4.12
4.12
4.12
4.12
4.13
4.19
4.2
4.2
4.2
4.2
4.23
4.23
4.24
4.24
4.24
4.24
4.24
4.24
4.24
4.24
4.24
4.24
4.24
4.24
4.24
4.24
4.25
4.25
4.25
4.25
4.25
4.25
4.25
4.25
4.25
4.25
4.25
4.25
4.25
4.25
4.25
4.25
4.25
4.25
4.27
4.28
4.28
4.29
4.28
4.29
4.3
4.7
4.93
5.01
5.65
5.65
5.65
5.65
5.64
5.69
5.69
5.69
5.7
5.71
5.71
5.71
5.71
5.71
5.71
5.71
5.71
5.71
5.71
5.71
5.71
5.71
5.71
5.71
5.71
5.71
5.71
5.71
5.71
5.71
5.71
5.72
5.72
5.72
5.72
5.72
5.72
5.72
5.72
5.72
5.72
5.72
5.72
5.72
5.72
5.72
5.72
5.7
5.66
5.72
5.72
5.72
5.67
5.68
5.73
5.73
5.73
5.73
5.74
5.63
5.71
5.76
5.76
5.7
5.76
5.77
5.77
5.78
5.78
5.78
5.78
5.78
5.78
5.78
5.78
5.79
5.79
5.79
5.79
5.79
5.79
5.79
5.79
5.79
5.79
5.8
5.8
5.8
5.8
5.81
5.81
5.81
5.81
5.81
5.81
5.81
5.82
5.82
5.82
5.82
5.82
5.82
5.82
5.82
5.82
5.82
5.82
5.83
5.83
5.83
5.83
5.83
5.83
5.83
5.83
5.83
5.83
5.84
5.84
5.84
5.84
5.84
5.84
5.84
5.85
5.85
5.85
5.85
5.85
5.85
5.85
5.85
5.85
5.85
5.85
5.86
5.86
5.86
5.87
5.87
5.87
5.87
5.87
5.87
5.87
5.87
5.87
5.88
5.79
5.88
5.88
5.88
5.88
5.88
5.88
5.88
5.89
5.89
5.89
5.89
5.89
5.89
5.89
5.89
5.89
5.89
5.89
5.89
5.89
5.89
5.9
5.9
5.9
5.9
5.9
5.9
5.9
5.9
5.9
5.9
5.9
5.9
5.9
5.9
5.9
5.9
5.9
5.9
5.9
5.9
5.9
5.91
5.91
5.91
5.91
5.91
5.91
5.91
5.91
5.91
5.91
5.91
5.91
5.91
5.91
5.91
5.91
5.91
5.91
5.91
5.91
5.91
5.91
5.91
5.91
5.91
5.91
5.91
5.91
5.92
5.92
5.92
5.92
5.92
5.92
5.92
5.92
5.92
5.92
5.92
5.93
5.93
5.93
5.93
5.93
5.93
5.93
5.93
5.93
5.93
5.93
5.93
5.93
5.93
5.93
5.93
5.93
5.93
5.93
5.93
5.93
5.93
5.93
5.93
5.93
5.93
5.93
5.94
5.94
5.94
5.94
5.94
5.94
5.94
5.94
5.94
5.94
5.94
5.94
5.94
5.94
5.94
5.94
5.94
5.94
5.94
5.95
5.95
5.95
5.95
5.95
5.95
5.95
5.95
5.95
5.95
5.95
5.95
5.95
5.95
5.95
5.95
5.95
5.95
5.95
5.95
5.95
5.95
5.96
5.96
5.96
5.96
5.96
5.96
5.96
5.96
5.96
5.96
5.96
5.96
5.97
5.97
5.97
5.97
5.97
5.97
5.97
5.97
5.97
5.97
5.97
5.97
5.97
5.97
5.97
5.97
5.97
5.97
5.97
5.98
5.98
5.98
5.98
5.98
5.87
5.98
5.98
5.99
5.99
5.99
5.99
5.99
5.99
5.99
5.99
5.99
5.99
5.99
5.99
5.99
5.99
5.99
5.99
5.99
5.99
5.99
5.99
5.99
5.99
5.99
5.99
5.99
5.99
5.99
5.99
5.99
5.99
6
6
6
6
6
6
6
6
6
6
6
6
6
6
6
6
6
6
6
6
6
6
6.01
6.01
6.01
6.01
6.01
6.01
6.01
6.01
6.01
6.01
6.01
6.01
6.01
6.01
6.01
6.01
6.01
6.01
6.01
6.01
6.01
6.01
6.01
6.02
6.02
6.02
6.02
6.02
6.02
6.02
6.02
6.02
6.02
6.02
6.02
6.02
6.02
6.02
6.03
6.03
6.03
6.03
6.03
6.03
6.03
6.03
6.03
6.03
6.03
6.03
6.03
6.03
6.03
6.03
6.03
6.03
6.03
6.03
6.03
6.03
6.03
6.04
6.04
6.04
6.04
6.04
6.04
6.04
6.04
6.04
6.04
6.04
6.04
6.05
6.05
6.05
6.05
6.05
6.05
6.05
6.05
6.05
6.05
6.05
6.05
6.05
6.05
6.05
6.05
6.05
6.05
6.05
6.05
6.05
6.05
6.05
6.05
6.05
6.05
6.05
6.06
6.06
6.06
6.06
6.06
6.06
6.06
6.06
6.06
6.06
6.06
6.06
6.06
6.06
6.06
6.07
6.07
6.07
6.07
6.07
6.07
6.07
6.07
6.07
6.07
6.07
6.07
6.07
6.07
6.07
6.07
6.07
6.07
6.07
6.07
6.07
6.07
6.07
6.07
6.07
6.08
6.08
6.08
6.08
6.08
6.08
6.08
6.08
6.08
6.08
6.08
6.08
6.08
6.08
6.08
6.08
6.08
6.08
6.08
6.08
6.08
6.08
6.09
6.09
6.09
6.09
6.09
6.09
6.09
6.09
6.09
6.09
6.09
6.09
6.09
6.09
6.09
6.09
6.09
6.1
6.1
6.1
6.1
6.1
6.1
6.1
6.1
6.1
6.11
6.11
6.11
6.11
6.11
6.11
6.11
6.11
6.11
6.12
6.12
6.12
6.12
6.12
6.12
6.12
6.12
6.12
6.12
6.12
6.12
6.13
6.13
6.13
6.13
6.13
6.13
6.13
6.13
6.13
6.13
6.13
6.13
6.13
6.13
6.13
6.13
6.13
6.13
6.14
6.14
6.14
6.14
6.14
6.14
6.14
6.14
6.14
6.14
6.14
6.14
6.14
6.14
6.14
6.15
6.15
6.15
6.15
6.15
6.15
6.15
6.15
6.15
6.15
6.15
6.16
6.16
6.16
6.16
6.16
6.16
6.16
6.16
6.16
6.17
6.17
6.17
6.17
6.17
6.17
6.17
6.17
6.17
6.17
6.17
6.17
6.17
6.17
6.17
6.17
6.17
6.18
6.18
6.18
6.18
6.18
6.18
6.18
6.18
6.18
6.18
6.18
6.18
6.18
6.18
6.18
6.18
6.18
6.18
6.18
6.18
6.18
6.18
6.18
6.19
6.19
6.19
6.19
6.19
6.19
6.19
6.19
6.19
6.19
6.19
6.19
6.19
6.19
6.19
6.19
6.19
6.19
6.19
6.19
6.19
6.2
6.2
6.2
6.2
6.2
6.2
6.2
6.2
6.2
6.2
6.2
6.2
6.2
6.2
6.2
6.2
6.2
6.23
6.23
6.23
6.23
6.23
6.23
6.23
6.23
6.23
6.24
6.24
6.24
6.24
6.24
6.24
6.24
6.24
6.24
6.24
6.24
6.24
6.24
6.24
6.24
6.24
6.24
6.24
6.24
6.24
6.24
6.24
6.24
6.24
6.24
6.24
6.24
6.25
6.25
6.25
6.26
6.26
6.26
6.26
6.26
6.26
6.26
6.26
6.26
6.26
6.26
6.26
6.32
6.32
6.32
6.32
6.33
6.33
6.33
6.33
6.33
6.33
6.33
6.33
6.33
6.33
6.33
6.33
6.33
6.33
6.34
6.34
6.34
6.34
6.34
6.34
6.34
6.36
6.36
6.36
6.36
6.36
6.36
6.36
6.36
6.36
6.36
6.36
6.36
6.36
6.36
6.36
6.36
6.37
6.37
6.37
6.37
6.37
6.37
6.37
6.38
6.38
6.38
6.38
6.38
6.38
6.38
6.38
6.38
6.38
6.38
6.38
6.38
6.38
6.38
6.38
6.38
6.38
6.38
6.38
6.38
6.38
6.38
6.39
6.39
6.39
6.39
6.39
6.39
6.39
6.39
6.39
6.39
6.39
6.39
6.39
6.39
6.39
6.39
6.39
6.4
6.4
6.4
6.4
6.4
6.4
6.4
6.4
6.4
6.4
6.4
6.4
6.4
6.4
6.4
6.4
6.4
6.4
6.4
6.4
6.41
6.41
6.41
6.41
6.41
6.41
6.41
6.41
6.41
6.41
6.41
6.41
6.41
6.41
6.41
6.41
6.41
6.41
6.41
6.41
6.41
6.41
6.41
6.41
6.41
6.41
6.41
6.41
6.41
6.41
6.41
6.41
6.41
6.41
6.41
6.41
6.41
6.41
6.42
6.42
6.42
6.42
6.42
6.42
6.42
6.42
6.42
6.42
6.42
6.42
6.42
6.42
6.42
6.42
6.42
6.42
6.42
6.42
6.42
6.42
6.42
6.42
6.42
6.43
6.43
6.43
6.43
6.43
6.43
6.43
6.43
6.43
6.43
6.43
6.43
6.43
6.43
6.43
6.43
6.43
6.43
6.43
6.43
6.42
6.43
6.43
6.43
6.43
6.43
6.43
6.43
6.43
6.44
6.44
6.44
6.44
6.44
6.44
6.44
6.44
6.45
6.45
6.45
6.45
6.45
6.45
6.45
6.45
6.45
6.46
6.46
6.46
6.46
6.46
6.46
6.46
6.46
6.46
6.46
6.46
6.46
6.46
6.46
6.45
6.46
6.46
6.46
6.46
6.47
6.47
6.47
6.47
6.47
6.47
6.47
6.47
6.47
6.47
6.47
6.47
6.47
6.47
6.47
6.47
6.47
6.47
6.47
6.47
6.47
6.47
6.47
6.47
6.47
6.47
6.47
6.46
6.47
6.47
6.47
6.47
6.47
6.47
6.46
6.46
6.47
6.47
6.47
6.48
6.48
6.48
6.48
6.48
6.39
6.48
6.48
6.48
6.48
6.48
6.48
6.48
6.48
6.48
6.48
6.48
6.48
6.48
6.48
6.48
6.48
6.48
6.48
6.48
6.48
6.48
6.49
6.49
6.49
6.49
6.49
6.49
6.49
6.49
6.49
6.49
6.49
6.49
6.48
6.49
6.49
6.49
6.49
6.49
6.49
6.49
6.5
6.5
6.5
6.49
6.5
6.5
6.5
6.5
6.5
6.5
6.5
6.39
6.5
6.5
6.5
6.5
6.5
6.5
6.5
6.51
6.51
6.5
6.35
6.51
6.51
6.51
6.51
6.51
6.51
6.51
6.51
6.51
6.51
6.51
6.51
6.5
6.51
6.51
6.51
6.5
6.51
6.51
6.51
6.51
6.51
6.51
6.51
6.51
6.52
6.52
6.52
6.52
6.52
6.52
6.51
6.52
6.53
6.54
6.54
6.55
6.55
6.55
6.55
6.55
6.55
6.55
6.55
6.55
6.55
6.55
6.55
6.56
6.56
6.57
6.57
6.57
6.57
6.57
6.56
6.57
6.58
6.58
6.58
6.58
6.59
6.59
6.59
6.58
6.59
6.59
6.59
6.6
6.61
6.61
6.61
6.61
6.61
6.6
6.61
6.61
6.61
6.61
6.61
6.61
6.62
6.62
6.61
6.61
6.62
6.61
6.62
6.62
6.62
6.63
6.63
6.63
6.63
6.62
6.63
6.62
6.63
6.64
6.63
6.64
6.64
6.63
6.63
6.64
6.63
6.63
6.64
6.64
6.63
6.64
6.64
6.63
6.63
6.64
6.63
6.63
6.64
6.64
6.66
6.66
6.65
6.65
6.5
6.65
6.66
6.66
6.66
6.66
6.66
6.65
6.65
6.65
6.66
6.66
6.65
6.66
6.65
6.65
6.65
6.66
6.65
6.66
6.66
6.67
6.66
6.66
6.66
6.66
6.67
6.67
6.67
6.66
6.66
6.66
6.67
6.66
6.66
6.66
6.66
6.66
6.66
6.66
6.67
6.67
6.68
6.67
6.67
6.68
6.67
6.68
6.67
6.67
6.67
6.68
6.67
6.67
6.67
6.67
6.67
6.68
6.68
6.69
6.69
6.68
6.68
6.69
6.68
6.69
6.68
6.68
6.69
6.68
6.69
6.68
6.68
6.69
6.69
6.68
6.68
6.68
6.68
6.68
6.69
6.68
6.69
6.69
6.7
6.69
6.69
6.7
6.69
6.69
6.69
6.69
6.7
6.7
6.69
6.69
6.7
6.69
6.7
6.69
6.69
6.69
6.7
6.7
6.7
6.69
6.69
6.69
6.69
6.69
6.69
6.69
6.7
6.69
6.7
6.69
6.7
6.7
6.69
6.69
6.7
6.7
6.7
6.7
6.71
6.71
6.7
6.71
6.71
6.71
6.72
6.73
6.73
6.72
6.72
6.73
6.72
6.73
6.73
6.72
6.73
6.73
6.72
6.73
6.74
6.74
6.74
6.73
6.74
6.74
6.74
6.74
6.74
6.74
6.73
6.74
6.74
6.74
6.75
6.74
6.75
6.75
6.74
6.79
6.79
6.79
6.78
6.79
6.78
6.78
6.78
6.78
6.79
6.79
6.79
6.78
6.78
6.78
6.78
6.78
6.78
6.79
6.79
6.79
6.79
6.79
6.79
6.79
6.8
6.79
6.79
6.79
6.8
6.8
6.79
6.79
6.8
6.79
6.79
6.8
6.8
6.79
6.8
6.8
6.79
6.8
6.8
6.8
6.8
6.81
6.81
6.81
6.8
6.8
6.81
6.8
6.8
6.8
6.81
6.81
6.82
6.81
6.82
6.81
6.81
6.82
6.81
6.82
6.81
6.81
6.81
6.81
6.81
6.82
6.81
6.81
6.81
6.81
6.83
6.82
6.82
6.82
6.82
6.83
6.83
6.82
6.82
6.82
6.83
6.82
6.82
6.82
6.82
6.82
6.82
6.84
6.83
6.84
6.84
6.85
6.84
6.85
6.85
6.84
6.84
6.84
6.84
6.84
6.85
6.85
6.84
6.84
6.85
6.85
6.75
6.87
6.87
6.87
6.86
6.87
6.86
6.86
6.86
6.86
6.86
6.86
6.86
6.86
6.87
6.86
6.86
6.86
6.86
6.86
6.86
6.86
6.86
6.87
6.87
6.87
6.87
6.87
6.87
6.87
6.87
6.87
6.87
6.88
6.87
6.87
6.87
6.87
6.88
6.88
6.88
6.88
6.88
6.89
6.88
6.88
6.88
6.88
6.88
6.88
6.88
6.89
6.88
6.88
6.88
6.88
6.88
6.88
6.88
6.89
6.88
6.89
6.89
6.89
6.9
6.89
6.89
6.9
6.89
6.89
6.89
6.89
6.89
6.89
6.89
6.89
6.9
6.89
6.89
6.89
6.89
6.89
6.9
6.9
6.8
6.9
6.9
6.9
6.9
6.9
6.9
6.9
6.9
6.9
6.9
6.91
6.91
6.91
6.91
6.91
6.91
6.91
6.91
6.92
6.93
6.92
6.92
6.92
6.93
6.92
6.92
6.92
6.92
6.92
6.92
6.92
6.92
6.92
6.92
6.93
6.93
6.93
6.93
6.93
6.93
6.93
6.93
6.94
6.93
6.94
6.94
6.94
6.94
6.94
6.94
6.94
6.94
6.94
6.94
6.94
6.95
6.95
6.97
6.97
6.97
6.97
6.98
6.98
6.98
7
7
7
7
7.01
7.01
7.01
7.01
7.01
7.01
7.07
7.07
7.07
7.07
7.07
7.07
7.07
7.07
7.07
7.07
7.07
7.07
7.07
7.07
7.07
7.07
7.07
7.07
7.07
7.07
7.08
7.08
7.08
7.08
7.08
7.08
7.08
7.08
7.08
7.08
7.08
7.08
7.08
7.08
7.08
7.08
7.08
7.08
7.08
7.08
7.08
7.08
7.08
7.08
7.09
7.09
7.09
7.09
7.09
7.09
7.09
7.09
7.1
7.1
7.1
7.1
7.1
7.1
7.1
7.1
7.1
7.1
7.1
7.11
7.12
7.12
7.12
7.12
7.12
7.12
7.12
7.12
7.12
7.12
7.12
7.12
7.12
7.12
7.12
7.12
7.12
7.13
7.13
7.13
7.14
7.13
7.13
7.13
7.13
7.13
7.14
7.14
7.14
7.14
7.14
7.14
7.14
7.14
7.16
7.16
7.16
7.16
7.16
7.16
7.16
7.18
7.18
7.18
7.18
7.18
7.18
7.18
7.2
7.21
7.2
7.2
7.2
7.2
7.2
7.21
7.21
7.21
7.21
7.21
7.21
7.21
7.21
7.21
7.21
7.22
7.23
7.23
7.23
7.23
7.23
7.23
7.23
7.23
7.23
7.23
7.23
7.23
7.23
7.24
7.24
7.25
7.25
7.25
7.25
7.25
7.25
7.25
7.26
7.26
7.26
7.26
7.26
7.26
7.26
7.26
7.26
7.26
7.26
7.26
7.26
7.26
7.26
7.26
7.26
7.26
7.26
7.26
7.26
7.26
7.26
7.26
7.26
7.26
7.26
7.27
7.27
7.27
7.27
7.27
7.27
7.27
7.27
7.27
7.27
7.27
7.27
7.27
7.27
7.27
7.27
7.27
7.27
7.27
7.27
7.27
7.27
7.27
7.28
7.28
7.28
7.28
7.28
7.28
7.28
7.28
7.28
7.28
7.28
7.28
7.28
7.28
7.28
7.28
7.28
7.28
7.28
7.28
7.29
7.29
7.29
7.29
7.29
7.29
7.29
7.29
7.29
7.29
7.29
7.29
7.29
7.3
7.3
7.3
7.3
7.3
7.3
7.3
7.3
7.3
7.31
7.31
7.31
7.31
7.31
7.31
7.31
7.31
7.31
7.31
7.31
7.31
7.31
7.31
7.31
7.31
7.31
7.31
7.32
7.32
7.32
7.32
7.32
7.32
7.32
7.32
7.32
7.32
7.32
7.32
7.32
7.32
7.32
7.32
7.32
7.32
7.35
7.35
7.35
7.35
7.35
7.36
7.36
7.36
7.36
7.36
7.36
7.36
7.36
7.36
7.36
7.36
7.36
7.36
7.36
7.37
7.38
7.38
7.38
7.38
7.38
7.38
7.38
7.38
7.39
7.39
7.4
7.4
7.4
7.4
7.41
7.41
7.41
7.41
7.41
7.41
7.41
7.41
7.41
7.41
7.41
7.41
7.41
7.41
7.41
7.41
7.41
7.41
7.41
7.41
7.41
7.41
7.41
7.42
7.42
7.42
7.42
7.42
7.42
7.42
7.42
7.42
7.42
7.42
7.42
7.42
7.42
7.42
7.43
7.43
7.43
7.43
7.43
7.43
7.43
7.43
7.43
7.43
7.43
7.43
7.43
7.43
7.43
7.43
7.43
7.43
7.43
7.43
7.43
7.43
7.43
7.43
7.43
7.43
7.43
7.43
7.43
7.43
7.43
7.43
7.43
7.43
7.43
7.43
7.44
7.44
7.44
7.44
7.44
7.44
7.44
7.44
7.44
7.44
7.44
7.44
7.44
7.44
7.44
7.45
7.45
7.45
7.45
7.45
7.45
7.45
7.45
7.45
7.45
7.45
7.45
7.45
7.45
7.45
7.45
7.45
7.45
7.48
7.48
7.48
7.48
7.49
7.49
7.49
7.49
7.5
7.5
7.5
7.5
7.5
7.5
7.5
7.5
7.5
7.5
7.5
7.5
7.5
7.5
7.5
7.51
7.51
7.51
7.51
7.51
7.51
7.51
7.51
7.51
7.51
7.51
7.51
7.51
7.51
7.51
7.51
7.51
7.51
7.51
7.51
7.51
7.51
7.51
7.51
7.51
7.51
7.51
7.52
7.52
7.52
7.52
7.52
7.52
7.52
7.52
7.52
7.52
7.52
7.52
7.52
7.52
7.52
7.52
7.53
7.53
7.53
7.53
7.53
7.53
7.53
7.53
7.53
7.53
7.53
7.53
7.53
7.53
7.53
7.53
7.53
7.53
7.53
7.53
7.53
7.53
7.53
7.53
7.54
7.54
7.54
7.54
7.54
7.54
7.54
7.54
7.54
7.54
7.54
7.54
7.54
7.54
7.54
7.54
7.54
7.54
7.54
7.55
7.55
7.55
7.55
7.55
7.55
7.55
7.55
7.55
7.55
7.55
7.55
7.55
7.55
7.55
7.55
7.55
7.55
7.55
7.55
7.55
7.55
7.55
7.55
7.55
7.55
7.55
7.55
7.55
7.56
7.56
7.56
7.56
7.56
7.56
7.56
7.56
7.56
7.56
7.56
7.57
7.58
7.58
7.58
7.58
7.59
7.58
7.59
7.59
7.58
7.59
7.59
7.59
7.59
7.59
7.59
7.59
7.59
7.59
7.6
7.6
7.6
7.59
7.6
7.6
7.59
7.6
7.6
7.6
7.6
7.6
7.6
7.6
7.6
7.6
7.6
7.6
7.6
7.6
7.6
7.61
7.61
7.61
7.61
7.61
7.61
7.61
7.61
7.61
7.61
7.62
7.62
7.62
7.62
7.62
7.62
7.62
7.62
7.62
7.62
7.62
7.62
7.62
7.62
7.62
7.62
7.63
7.63
7.63
7.63
7.63
7.63
7.63
7.63
7.63
7.63
7.63
7.63
7.63
7.63
7.63
7.63
7.63
7.64
7.64
7.64
7.66
7.66
7.66
7.65
7.66
7.65
7.66
7.66
7.66
7.66
7.67
7.67
7.66
7.66
7.67
7.67
7.66
7.67
7.67
7.68
7.68
7.68
7.67
7.69
7.69
7.68
7.69
7.69
7.69
7.69
7.69
7.69
7.69
7.69
7.69
7.69
7.69
7.69
7.69
7.69
7.69
7.69
7.69
7.69
7.68
7.69
7.69
7.68
7.69
7.69
7.69
7.69
7.69
7.69
7.7
7.7
7.7
7.7
7.7
7.7
7.7
7.7
7.71
7.71
7.71
7.71
7.7
7.7
7.7
7.7
7.71
7.71
7.71
7.7
7.71
7.71
7.7
7.7
7.71
7.71
7.7
7.7
7.71
7.71
7.71
7.7
7.71
7.71
7.7
7.71
7.71
7.71
7.7
7.71
7.7
7.7
7.71
7.71
7.71
7.72
7.72
7.72
7.72
7.72
7.72
7.72
7.72
7.72
7.72
7.73
7.73
7.73
7.73
7.73
7.73
7.73
7.73
7.73
7.73
7.73
7.73
7.72
7.73
7.72
7.73
7.72
7.73
7.72
7.73
7.72
7.72
7.72
7.72
7.72
7.74
7.73
7.74
7.73
7.74
7.73
7.74
7.73
7.73
7.73
7.74
7.74
7.74
7.74
7.73
7.73
7.74
7.74
7.73
7.74
7.74
7.73
7.75
7.75
7.75
7.75
7.74
7.75
7.74
7.75
7.75
7.74
7.75
7.74
7.74
7.74
7.76
7.76
7.73
7.73
7.76
7.75
7.75
7.76
7.75
7.76
7.73
7.73
7.75
7.75
7.75
7.75
7.75
7.76
7.76
7.76
7.76
7.73
7.76
7.77
7.76
7.73
7.74
7.74
7.74
7.76
7.73
7.74
7.74
7.76
7.76
7.76
7.76
7.76
7.77
7.77
7.76
7.73
7.74
7.77
7.77
7.73
7.76
7.76
7.76
7.77
7.76
7.76
7.77
7.78
7.78
7.77
7.78
7.78
7.75
7.75
7.75
7.78
7.75
7.78
7.77
7.77
7.77
7.77
7.77
7.77
7.75
7.75
7.77
7.78
7.76
7.79
7.76
7.76
7.76
7.76
7.76
7.76
7.76
7.75
7.76
7.75
7.76
7.76
7.76
7.75
7.79
7.76
7.79
7.79
7.76
7.77
7.8
7.76
7.8
7.8
7.8
7.8
7.75
7.77
7.8
7.77
7.77
7.8
7.8
7.8
7.77
7.8
7.77
7.8
7.77
7.8
7.8
7.8
7.8
7.8
7.77
7.8
7.8
7.77
7.8
7.76
7.8
7.8
7.8
7.8
7.76
7.8
7.77
7.8
7.76
7.81
7.8
7.81
7.76
7.77
7.76
7.8
7.76
7.76
7.81
7.77
7.82
7.81
7.81
7.77
7.82
7.77
7.77
7.78
7.83
7.83
7.83
7.8
7.83
7.8
7.8
7.83
7.83
7.83
7.83
7.83
7.83
7.79
7.82
7.8
7.8
7.83
7.83
7.84
7.83
7.8
7.79
7.79
7.83
7.8
7.84
7.84
7.85
7.84
7.8
7.85
7.8
7.8
7.85
7.85
7.84
7.85
7.8
7.85
7.8
7.86
7.86
7.86
7.81
7.85
7.85
7.78
7.85
7.78
7.78
7.78
7.86
7.85
7.82
7.86
7.79
7.79
7.82
7.82
7.82
7.87
7.87
7.79
7.87
7.8
7.88
7.88
7.88
7.88
7.83
7.83
7.8
7.81
7.81
7.84
7.88
7.81
7.88
7.88
7.81
7.81
7.81
7.81
7.81
7.81
7.86
7.81
7.82
7.87
7.82
7.82
7.85
7.85
7.82
7.9
7.9
7.87
7.86
7.82
7.82
7.86
7.9
7.87
7.82
7.9
7.82
7.82
7.88
7.83
7.83
7.83
7.87
7.88
7.88
7.91
7.89
7.92
7.92
7.91
7.92
7.88
7.92
7.84
7.87
7.84
7.92
7.91
7.84
7.87
7.87
7.84
7.92
7.89
7.84
7.84
7.89
7.87
7.92
7.89
7.87
7.89
7.89
7.92
7.89
7.87
7.92
7.84
7.84
7.89
7.87
7.92
7.88
7.9
7.88
7.93
7.85
7.88
7.85
7.89
7.89
7.93
7.89
7.93
7.93
7.88
7.93
7.88
7.88
7.89
7.93
7.93
7.93
7.92
7.88
7.85
7.93
7.89
7.94
7.9
7.9
7.89
7.86
7.9
7.94
7.93
7.9
7.94
7.89
7.9
7.86
7.94
7.93
7.89
7.93
7.94
7.94
7.9
7.94
7.94
7.94
7.94
7.95
7.95
7.95
7.95
7.94
7.87
7.95
7.94
7.95
7.92
7.95
7.9
7.94
7.94
7.95
7.95
7.88
7.95
7.96
7.88
7.95
7.91
7.96
7.88
7.91
7.95
7.96
7.96
7.96
7.88
7.96
7.88
7.96
7.96
7.91
7.96
7.96
7.89
7.94
7.97
7.97
7.97
7.89
7.96
7.97
7.94
7.94
7.97
7.89
7.96
7.89
7.97
7.97
7.96
7.96
7.97
7.96
7.96
7.92
7.92
7.97
7.92
7.96
7.96
7.94
7.96
7.94
7.92
7.96
7.94
7.93
7.92
7.96
7.92
7.96
7.94
7.97
7.9
7.97
7.9
7.93
7.93
7.93
7.97
7.97
7.97
7.93
7.93
7.97
7.93
7.98
7.97
7.93
7.97
7.97
7.93
7.95
7.98
7.9
7.93
7.97
7.97
7.97
7.97
7.97
7.97
7.97
7.95
7.95
7.95
7.97
7.93
7.97
7.95
7.94
7.98
7.99
7.98
7.91
7.98
7.98
7.98
7.98
7.98
7.98
7.98
7.98
7.94
7.96
7.91
7.98
7.98
7.91
7.98
7.91
7.96
7.96
7.98
7.96
7.98
7.96
7.91
7.91
7.98
7.99
7.99
7.92
7.95
7.92
7.92
7.99
7.92
7.99
7.99
7.99
7.99
7.99
7.99
7.92
7.99
7.99
7.99
7.98
7.98
7.98
7.93
8
8
8
7.96
7.93
7.98
8
8
8
8
7.98
7.97
8
7.97
7.98
8
7.97
8
7.97
8
8
8
7.98
7.98
7.98
8
8
7.98
7.98
7.98
8.01
8.01
7.99
7.99
8.01
7.99
7.99
7.98
7.99
7.98
7.94
7.94
7.97
7.94
7.98
7.97
7.99
7.98
7.97
8.01
8.01
7.98
7.99
8
8
8.02
7.99
8.02
7.99
8
8
8
8
8
8
8.02
8
7.99
7.99
8.02
7.99
7.98
7.98
7.95
7.98
7.99
7.95
7.95
7.95
7.95
7.98
7.98
8.02
7.98
8
7.95
7.98
7.95
7.95
7.95
7.95
7.96
7.99
8.01
8.01
7.99
8.01
7.99
7.96
7.99
7.96
7.99
7.96
8.01
7.96
7.96
7.96
7.96
7.96
7.96
7.96
8.01
7.96
7.96
8
7.97
8.02
8.01
8.02
7.97
8
8
8
7.97
8.02
8.01
8
7.97
8
8
7.97
7.97
7.98
7.98
8.01
8.01
8.03
7.98
8.03
7.98
7.98
7.98
8.03
8.02
8.03
8.02
8.02
7.98
7.98
8.03
8.01
8.01
8.05
8.05
8.02
8.01
8.02
7.98
8.05
7.98
8.01
7.98
8.01
8.01
8.01
8.01
7.98
8.05
8.01
8.01
8.01
8.05
8.01
7.98
8.05
8.01
8.03
8.01
8.01
8.05
8.01
8.03
8.01
8.02
8.02
8.02
8.02
7.99
8.06
8.02
8.04
8.06
7.99
8.06
8.06
8.02
7.99
8.06
8.02
8.02
8.06
8.03
7.99
7.99
8
8.07
8.07
8
8.07
8.02
8
8
8
8.07
8
8.07
8.07
8
8.02
8
8.07
8.03
8.08
8.01
8.06
8.08
8.08
8.05
8.01
8.01
8.01
8.01
8.01
8.05
8.06
8.01
8.01
8.05
8.06
8.06
8.06
8.01
8.01
8.08
8.01
8.06
8.05
8.09
8.02
8.07
8.07
8.07
8.02
8.07
8.07
8.07
8.07
8.02
8.02
8.06
8.02
8.02
8.02
8.02
8.02
8.07
8.02
8.06
8.02
8.07
8.06
8.02
8.02
8.02
8.03
8.03
8.03
8.03
8.07
8.03
8.03
8.03
8.07
8.1
8.03
8.03
8.03
8.03
8.1
8.03
8.07
8.03
8.03
8.08
8.1
8.03
8.04
8.09
8.09
8.04
8.04
8.04
8.04
8.04
8.04
8.04
8.04
8.09
8.04
8.04
8.04
8.09
8.04
8.04
8.04
8.04
8.04
8.08
8.05
8.09
8.1
8.05
8.05
8.05
8.05
8.05
8.09
8.1
8.05
8.05
8.05
8.05
8.05
8.09
8.05
8.09
8.05
8.09
8.05
8.09
8.09
8.09
8.05
8.05
8.05
8.09
8.05
8.06
8.06
8.06
8.09
8.06
8.06
8.06
8.06
8.06
8.06
8.06
8.06
8.06
8.06
8.06
8.06
8.06
8.06
8.07
8.07
8.1
8.1
8.11
8.1
8.1
8.07
8.07
8.07
8.07
8.07
8.11
8.1
8.07
8.07
8.1
8.08
8.08
8.08
8.11
8.11
8.08
8.11
8.11
8.08
8.11
8.11
8.08
8.08
8.08
8.08
8.11
8.08
8.11
8.08
8.12
8.09
8.09
8.09
8.09
8.09
8.09
8.12
8.09
8.09
8.09
8.09
8.09
8.12
8.09
8.09
8.09
8.13
8.1
8.1
8.13
8.1
8.1
8.1
8.13
8.1
8.1
8.1
8.13
8.1
8.17
8.1
8.1
8.1
8.1
8.1
8.1
8.15
8.13
8.1
8.1
8.1
8.13
8.13
8.1
8.1
8.13
8.1
8.1
8.1
8.13
8.1
8.13
8.18
8.14
8.11
8.14
8.11
8.14
8.14
8.11
8.09
8.16
8.11
8.16
8.11
8.14
8.11
8.11
8.11
8.14
8.11
8.11
8.18
8.11
8.18
8.17
8.19
8.12
8.12
8.1
8.15
8.17
8.15
8.19
8.15
8.19
8.12
8.19
8.1
8.19
8.19
8.12
8.1
8.12
8.17
8.19
8.12
8.13
8.11
8.16
8.13
8.16
8.16
8.2
8.2
8.2
8.2
8.13
8.16
8.2
8.13
8.18
8.13
8.2
8.2
8.2
8.11
8.18
8.16
8.13
8.16
8.16
8.11
8.13
8.11
8.2
8.13
8.15
8.13
8.21
8.12
8.12
8.14
8.12
8.12
8.12
8.12
8.14
8.14
8.12
8.14
8.14
8.12
8.14
8.14
8.14
8.21
8.14
8.14
8.2
8.15
8.15
8.15
8.13
8.15
8.15
8.13
8.15
8.15
8.13
8.15
8.15
8.22
8.15
8.15
8.15
8.22
8.15
8.16
8.16
8.16
8.16
8.14
8.14
8.14
8.16
8.16
8.16
8.14
8.14
8.16
8.14
8.16
8.16
8.16
8.2
8.16
8.16
8.14
8.16
8.14
8.2
8.14
8.16
8.14
8.14
8.15
8.15
8.15
8.12
8.17
8.17
8.13
8.15
8.15
8.17
8.13
8.17
8.12
8.24
8.15
8.15
8.17
8.21
8.22
8.17
8.13
8.17
8.12
8.12
8.13
8.22
8.22
8.17
8.18
8.22
8.22
8.22
8.18
8.18
8.22
8.16
8.18
8.13
8.18
8.18
8.18
8.18
8.18
8.18
8.14
8.18
8.21
8.18
8.18
8.18
8.18
8.22
8.18
8.21
8.21
8.21
8.21
8.22
8.18
8.21
8.19
8.22
8.19
8.22
8.22
8.22
8.15
8.19
8.22
8.19
8.19
8.19
8.22
8.19
8.19
8.23
8.19
8.22
8.22
8.23
8.22
8.23
8.19
8.19
8.22
8.22
8.2
8.23
8.23
8.2
8.23
8.23
8.2
8.23
8.23
8.23
8.2
8.2
8.2
8.23
8.2
8.23
8.2
8.2
8.2
8.2
8.2
8.2
8.2
8.2
8.2
8.2
8.2
8.21
8.21
8.21
8.26
8.21
8.21
8.21
8.21
8.21
8.21
8.24
8.24
8.21
8.21
8.21
8.21
8.21
8.22
8.17
8.22
8.22
8.22
8.25
8.25
8.22
8.22
8.25
8.22
8.22
8.27
8.22
8.22
8.25
8.25
8.22
8.22
8.25
8.22
8.22
8.22
8.25
8.22
8.27
8.25
8.22
8.22
8.22
8.22
8.22
8.22
8.23
8.23
8.23
8.26
8.23
8.23
8.23
8.23
8.23
8.23
8.23
8.23
8.23
8.23
8.23
8.23
8.23
8.23
8.24
8.24
8.24
8.24
8.24
8.24
8.24
8.24
8.24
8.24
8.24
8.24
8.24
8.24
8.24
8.24
8.24
8.24
8.24
8.24
8.24
8.24
8.24
8.24
8.24
8.24
8.24
8.24
8.24
8.24
8.24
8.24
8.24
8.24
8.25
8.25
8.25
8.25
8.25
8.23
8.25
8.25
8.23
8.25
8.25
8.25
8.26
8.26
8.26
8.26
8.26
8.26
8.24
8.26
8.26
8.26
8.26
8.26
8.24
8.26
8.24
8.26
8.26
8.26
8.26
8.24
8.26
8.26
8.26
8.27
8.25
8.27
8.27
8.27
8.31
8.27
8.27
8.27
8.27
8.23
8.27
8.27
8.27
8.25
8.23
8.27
8.27
8.27
8.25
8.27
8.28
8.28
8.28
8.28
8.26
8.26
8.26
8.28
8.26
8.28
8.26
8.26
8.28
8.28
8.28
8.34
8.27
8.29
8.29
8.29
8.29
8.29
8.27
8.32
8.24
8.29
8.34
8.33
8.3
8.35
8.3
8.31
8.35
8.36
8.34
8.35
8.34
8.29
8.31
8.31
8.31
8.31
8.29
8.29
8.29
8.34
8.29
8.31
8.36
8.31
8.29
8.31
8.31
8.29
8.31
8.31
8.31
8.31
8.31
8.32
8.32
8.3
8.3
8.32
8.32
8.32
8.36
8.37
8.32
8.36
8.3
8.32
8.35
8.32
8.32
8.3
8.3
8.32
8.32
8.25
8.32
8.32
8.32
8.25
8.32
8.32
8.32
8.32
8.35
8.33
8.33
8.33
8.33
8.33
8.34
8.32
8.34
8.29
8.37
8.34
8.34
8.29
8.32
8.34
8.32
8.32
8.32
8.34
8.34
8.27
8.38
8.34
8.34
8.34
8.34
8.34
8.32
8.34
8.34
8.34
8.34
8.35
8.35
8.33
8.33
8.33
8.33
8.33
8.33
8.35
8.33
8.38
8.33
8.33
8.35
8.35
8.3
8.35
8.36
8.31
8.36
8.36
8.36
8.36
8.36
8.36
8.34
8.36
8.36
8.34
8.36
8.36
8.34
8.36
8.36
8.34
8.34
8.36
8.31
8.36
8.34
8.36
8.36
8.41
8.32
8.41
8.36
8.32
8.37
8.37
8.37
8.37
8.35
8.44
8.35
8.33
8.42
8.37
8.37
8.37
8.44
8.37
8.37
8.35
8.32
8.44
8.42
8.37
8.32
8.38
8.42
8.36
8.38
8.38
8.38
8.38
8.38
8.43
8.33
8.41
8.38
8.38
8.31
8.38
8.41
8.38
8.36
8.38
8.41
8.41
8.38
8.36
8.38
8.34
8.39
8.32
8.34
8.35
8.43
8.43
8.44
8.34
8.42
8.43
8.39
8.4
8.42
8.39
8.39
8.32
8.44
8.37
8.39
8.37
8.39
8.39
8.32
8.44
8.42
8.39
8.37
8.39
8.39
8.38
8.35
8.35
8.4
8.43
8.33
8.38
8.4
8.43
8.4
8.4
8.45
8.44
8.41
8.41
8.36
8.41
8.41
8.41
8.41
8.41
8.41
8.41
8.41
8.34
8.34
8.34
8.41
8.45
8.41
8.36
8.36
8.36
8.44
8.34
8.41
8.39
8.41
8.41
8.41
8.41
8.44
8.41
8.41
8.39
8.39
8.39
8.39
8.41
8.41
8.46
8.44
8.41
8.41
8.41
8.41
8.45
8.41
8.39
8.45
8.41
8.44
8.39
8.39
8.41
8.41
8.34
8.4
8.42
8.42
8.4
8.42
8.4
8.42
8.42
8.42
8.42
8.42
8.35
8.42
8.42
8.35
8.42
8.36
8.43
8.41
8.41
8.41
8.43
8.43
8.43
8.41
8.43
8.39
8.43
8.43
8.43
8.46
8.43
8.43
8.41
8.41
8.43
8.43
8.44
8.37
8.39
8.37
8.44
8.44
8.42
8.44
8.44
8.37
8.42
8.44
8.44
8.37
8.42
8.37
8.37
8.42
8.44
8.44
8.44
8.42
8.39
8.44
8.44
8.42
8.42
8.37
8.45
8.43
8.45
8.38
8.45
8.45
8.43
8.45
8.43
8.45
8.43
8.45
8.43
8.38
8.45
8.45
8.43
8.43
8.45
8.45
8.45
8.45
8.45
8.45
8.45
8.45
8.45
8.38
8.45
8.45
8.43
8.46
8.46
8.46
8.39
8.39
8.46
8.46
8.44
8.39
8.44
8.46
8.39
8.42
8.44
8.46
8.44
8.46
8.44
8.44
8.44
8.44
8.41
8.46
8.46
8.44
8.46
8.46
8.46
8.44
8.44
8.44
8.44
8.44
8.44
8.46
8.46
8.46
8.39
8.46
8.41
8.46
8.42
8.44
8.46
8.42
8.46
8.46
8.46
8.46
8.46
8.44
8.46
8.42
8.46
8.46
8.47
8.45
8.47
8.45
8.42
8.45
8.45
8.45
8.45
8.47
8.47
8.47
8.45
8.45
8.47
8.45
8.45
8.47
8.47
8.46
8.46
8.48
8.46
8.48
8.46
8.46
8.48
8.46
8.48
8.48
8.48
8.46
8.48
8.46
8.46
8.46
8.46
8.48
8.48
8.48
8.43
8.48
8.48
8.48
8.48
8.48
8.48
8.45
8.44
8.47
8.45
8.47
8.49
8.49
8.49
8.49
8.47
8.49
8.49
8.49
8.49
8.45
8.47
8.44
8.47
8.49
8.49
8.49
8.49
8.45
8.49
8.44
8.47
8.49
8.49
8.47
8.49
8.44
8.44
8.47
8.47
8.45
8.49
8.44
8.49
8.49
8.49
8.49
8.47
8.49
8.45
8.49
8.47
8.44
8.49
8.44
8.45
8.48
8.46
8.45
8.48
8.45
8.48
8.43
8.45
8.5
8.43
8.45
8.43
8.46
8.43
8.43
8.43
8.43
8.43
8.43
8.48
8.5
8.5
8.5
8.48
8.48
8.46
8.45
8.45
8.46
8.46
8.48
8.45
8.45
8.45
8.48
8.45
8.43
8.43
8.43
8.45
8.44
8.43
8.45
8.43
8.45
8.44
8.44
8.46
8.44
8.44
8.46
8.44
8.44
8.51
8.44
8.49
8.44
8.45
8.52
8.45
8.5
8.5
8.47
8.45
8.52
8.5
8.52
8.5
8.45
8.5
8.5
8.5
8.47
8.52
8.5
8.5
8.5
8.5
8.5
8.5
8.5
8.5
8.47
8.46
8.48
8.49
8.46
8.46
8.46
8.46
8.46
8.51
8.46
8.53
8.51
8.53
8.52
8.52
8.52
8.52
8.47
8.54
8.52
8.52
8.52
8.54
8.52
8.48
8.48
8.53
8.55
8.53
8.53
8.53
8.53
8.5
8.55
8.5
8.53
8.55
8.53
8.53
8.5
8.53
8.55
8.5
8.53
8.48
8.48
8.5
8.53
8.55
8.53
8.51
8.48
8.55
8.48
8.56
8.54
8.56
8.54
8.54
8.49
8.54
8.49
8.49
8.49
8.54
8.51
8.54
8.49
8.51
8.54
8.49
8.49
8.52
8.49
8.54
8.49
8.49
8.54
8.54
8.54
8.5
8.55
8.55
8.5
8.5
8.55
8.55
8.55
8.55
8.55
8.55
8.57
8.57
8.55
8.53
8.5
8.5
8.5
8.57
8.53
8.55
8.55
8.53
8.5
8.52
8.52
8.5
8.57
8.52
8.57
8.55
8.55
8.55
8.55
8.55
8.55
8.55
8.53
8.53
8.58
8.58
8.56
8.56
8.56
8.56
8.56
8.56
8.51
8.53
8.56
8.51
8.56
8.51
8.53
8.51
8.53
8.53
8.53
8.56
8.51
8.53
8.51
8.56
8.51
8.53
8.51
8.51
8.51
8.51
8.52
8.55
8.57
8.57
8.54
8.52
8.55
8.54
8.57
8.57
8.52
8.52
8.57
8.52
8.52
8.52
8.52
8.52
8.55
8.52
8.52
8.57
8.57
8.52
8.57
8.54
8.55
8.54
8.52
8.57
8.52
8.52
8.52
8.52
8.55
8.53
8.53
8.58
8.58
8.55
8.53
8.53
8.58
8.58
8.58
8.53
8.58
8.53
8.6
8.58
8.53
8.58
8.58
8.53
8.58
8.53
8.53
8.53
8.58
8.59
8.57
8.59
8.56
8.59
8.59
8.59
8.59
8.59
8.59
8.59
8.59
8.59
8.56
8.59
8.59
8.54
8.54
8.54
8.59
8.54
8.59
8.54
8.59
8.54
8.59
8.54
8.59
8.54
8.54
8.59
8.56
8.56
8.54
8.56
8.59
8.54
8.57
8.57
8.56
8.59
8.56
8.55
8.57
8.57
8.58
8.57
8.55
8.55
8.55
8.57
8.55
8.58
8.57
8.55
8.55
8.55
8.57
8.55
8.57
8.58
8.58
8.61
8.61
8.56
8.61
8.61
8.58
8.58
8.56
8.58
8.56
8.56
8.58
8.56
8.58
8.56
8.61
8.61
8.58
8.58
8.56
8.61
8.56
8.56
8.61
8.58
8.56
8.61
8.59
8.56
8.56
8.62
8.57
8.57
8.62
8.57
8.57
8.57
8.62
8.57
8.57
8.57
8.57
8.57
8.62
8.57
8.57
8.6
8.58
8.58
8.58
8.58
8.63
8.63
8.63
8.58
8.58
8.6
8.6
8.58
8.58
8.6
8.6
8.63
8.61
8.6
8.58
8.63
8.6
8.58
8.6
8.6
8.58
8.63
8.64
8.59
8.64
8.59
8.59
8.59
8.64
8.59
8.64
8.64
8.64
8.62
8.61
8.59
8.61
8.59
8.62
8.64
8.59
8.59
8.61
8.61
8.59
8.59
8.64
8.66
8.59
8.64
8.59
8.59
8.59
8.59
8.64
8.59
8.62
8.61
8.6
8.6
8.6
8.6
8.62
8.6
8.6
8.65
8.61
8.61
8.61
8.61
8.63
8.61
8.61
8.61
8.61
8.61
