5.02451
5.08481
5.08499
5.08739
5.08762
5.09121
5.09131
5.09446
5.10252
5.10296
6.88893
7.08191
7.54658
7.76337
7.76273
7.78189
7.78205
7.95097
7.94983
8.04093
8.04243
8.04358
8.05999
8.0601
8.06015
8.06026
8.06193
8.06681
8.06789
8.06803
8.06837
8.06936
8.06949
8.06954
8.06962
8.08218
8.08211
8.08212
8.08241
8.08238
8.08237
8.0838
8.08393
8.08411
8.08422
8.08434
8.08444
8.08474
8.09599
8.09638
8.09856
8.09974
8.10113
8.10127
8.10144
8.10163
8.10177
8.20241
8.21866
8.21899
8.21909
8.25294
8.25312
8.25536
8.25768
8.25782
8.25798
8.26154
8.27082
8.2717
8.27166
8.27458
8.2759
8.27601
8.27773
8.27865
8.28563
8.28595
8.28647
8.28681
8.28703
8.2882
8.28914
8.28956
8.291
8.29889
8.29968
8.30501
8.32273
8.34783
8.35966
8.35982
8.36083
8.36284
8.36394
8.36414
8.36434
8.37419
8.37421
8.40399
8.40767
8.40908
8.40986
8.41154
8.41279
8.41321
8.42025
8.42104
8.42177
8.42181
8.42224
8.42204
8.42246
8.42267
8.43193
8.43208
8.43194
8.43199
8.4439
8.44419
8.44437
8.44447
8.44445
8.44457
8.44463
8.44449
8.44468
8.44761
8.44964
8.44983
8.44998
8.45015
8.45026
8.45149
8.46293
8.46349
8.46444
8.46454
8.46529
8.46591
8.4669
8.46695
8.46727
8.47013
8.47157
8.47962
8.4831
8.48338
8.48377
8.48486
8.48485
8.48604
8.48609
8.48608
8.48633
8.48635
8.48671
8.48765
8.48761
8.48772
8.49769
8.49843
8.50222
8.50365
8.50722
8.50908
8.50944
8.51128
8.51141
8.51152
8.52975
8.53564
8.53561
8.53787
8.53794
8.5379
8.53798
8.53799
8.53807
8.5391
8.54784
8.54801
8.55239
8.55256
8.55522
8.55532
8.55705
8.56934
8.56932
8.56943
8.57333
8.57353
8.57364
8.57373
8.57584
8.57687
8.57794
8.58005
8.62295
8.624
8.62413
8.62934
8.63176
8.63162
8.63167
8.63201
8.63206
8.63217
8.63226
8.63227
8.63253
8.63269
8.63277
8.63311
8.63297
8.63321
8.63326
8.63335
8.63353
8.63362
8.63413
8.63436
8.64581
8.65535
8.65575
8.65584
8.65548
8.65869
8.66044
8.66138
8.66337
8.6634
8.66361
8.66364
8.66358
8.66374
8.66375
8.66517
8.66503
8.67268
8.673
8.67312
8.67317
8.6734
8.67353
8.69937
8.69932
8.6994
8.69951
8.69969
8.69969
8.69992
8.70008
8.70176
8.70469
8.70485
8.70716
8.7072
8.70734
8.70801
8.71413
8.71499
8.71494
8.71503
8.7151
8.71524
8.7151
8.71523
8.71927
8.71965
8.7233
8.76313
8.80584
8.80578
8.80645
8.80732
8.80748
8.80744
8.80756
8.80775
8.80772
8.8077
8.80771
8.80776
8.80778
8.80786
8.80799
8.81544
8.81612
8.81759
8.81946
8.8239
8.82394
8.82379
8.82388
8.83164
8.83236
8.83198
8.8321
8.83214
8.83264
8.83346
8.9182
8.91822
8.91839
8.91835
8.92168
8.9223
8.92197
8.92224
8.94292
8.9431
8.94299
8.94303
8.94308
8.94328
8.94312
8.96594
8.9695
8.97445
8.97547
9.14385
9.33161
9.33297
9.33282
9.33299
9.33572
9.33876
9.34546
9.35021
9.35009
9.351
9.35647
9.35867
9.36433
9.36474
9.36652
9.36659
9.36661
9.36884
9.36913
9.36908
9.37331
9.37342
9.37346
9.3765
9.37778
9.37777
9.37763
9.3773
9.3773
9.37734
9.38246
9.38268
9.3827
9.38337
9.39289
9.40704
9.4083
9.40832
9.40965
9.40956
9.4097
9.42904
9.44745
9.44771
9.44847
9.44792
9.4483
9.44986
9.45237
9.45816
9.45817
9.45859
9.51666
9.5169
9.51817
9.51834
9.519
9.52819
9.53911
9.54709
9.55151
9.55248
9.55239
9.55268
9.55278
9.55284
9.55283
9.56318
9.56432
9.56667
9.56703
9.56751
9.56877
9.56964
9.57002
9.5701
9.57065
9.57185
9.57191
9.57374
9.57245
9.57288
9.57386
9.57542
9.57556
9.57569
9.57568
9.57587
9.57651
9.58326
9.58354
9.58988
9.59206
9.5937
9.59399
9.5966
9.59666
9.59665
9.6006
9.59913
9.59887
9.59882
9.60206
9.60193
9.60286
9.60432
9.60425
9.60534
9.60623
9.60874
9.60888
9.60904
9.60924
9.60912
9.60958
9.60958
9.60976
9.61008
9.61027
9.62398
9.63186
9.6327
9.63392
9.63504
9.63721
9.64616
9.67364
9.68695
9.6871
9.69271
9.69203
9.72808
9.73788
9.73883
9.73903
9.72567
9.7432
9.74472
9.74837
9.7486
9.73464
9.73773
9.73986
9.74018
9.74023
9.74233
9.74225
9.74249
9.74252
9.74284
9.74668
9.74684
9.74781
9.7478
9.7489
9.75026
9.76454
9.75614
9.75613
9.75633
9.75653
9.75654
9.77972
9.77965
9.76378
9.76661
9.76691
9.76684
9.78373
9.76808
9.76818
9.76823
9.76838
9.76849
9.78476
9.78584
9.76994
9.77068
9.77076
9.77159
9.77313
9.77306
9.77301
9.78957
9.78966
9.77373
9.77381
9.77368
9.79141
9.77728
9.79356
9.77852
9.77853
9.77858
9.77954
9.78068
9.78077
9.78085
9.78084
9.78098
9.78104
9.78096
9.78384
9.78517
9.78503
9.78652
9.78706
9.78685
9.78705
9.7871
9.78727
9.78723
9.78807
9.7915
9.79147
9.79159
9.79219
9.79239
9.79402
9.7939
9.79406
9.79397
9.81055
9.79495
9.79518
9.79522
9.79527
9.79607
9.79726
9.79722
9.79913
9.7992
9.79948
9.7996
9.79974
9.80395
9.80394
9.80406
9.80423
9.80438
9.80436
9.80681
9.8068
9.80692
9.80702
9.808
9.80817
9.81012
9.8125
9.81255
9.81367
9.81358
9.81475
9.81628
9.81607
9.81672
9.81676
9.81681
9.81819
9.81811
9.82018
9.82039
9.82119
9.82234
9.82231
9.82351
9.82483
9.82487
9.82527
9.82839
9.82836
9.82869
9.82909
9.82897
9.84449
9.82887
9.82931
9.82898
9.82933
9.82911
9.82941
9.82938
9.82969
9.82927
9.83014
9.83016
9.83126
9.83163
9.83172
9.83183
9.8494
9.83258
9.83286
9.84948
9.83505
9.83604
9.8389
9.8387
9.84227
9.84319
9.87384
9.87841
9.87845
9.87852
9.8791
9.87885
9.87906
9.87941
9.87953
9.87957
9.89658
9.88184
9.88201
9.88767
9.88772
9.88801
9.90608
9.889
9.88926
9.89004
9.8912
9.89111
9.90733
9.89374
9.89353
9.89322
9.89457
9.90274
9.90325
9.90287
9.9188
9.90437
9.91277
9.91437
9.91315
9.91316
9.91379
9.93073
9.91335
9.91384
9.91386
9.93371
9.91737
9.91697
9.91739
9.93294
9.92384
9.92364
9.92438
9.92454
9.94145
9.92522
9.94276
9.92653
9.92676
9.92703
9.92741
9.92785
9.92892
9.93139
9.93091
9.93068
9.93077
9.93147
9.93642
9.93711
9.93824
9.93827
9.93834
9.93849
9.93966
9.93967
9.9397
9.94002
9.94021
9.95623
9.94011
9.94026
9.94271
9.94331
9.94304
9.94344
9.94427
9.94549
9.94491
9.94459
9.94689
9.94749
9.94794
9.94893
9.94904
9.95148
9.9525
9.95894
9.95892
9.95931
9.95923
9.95914
9.95961
9.96012
9.96014
9.95978
9.96067
9.9608
9.96113
9.96426
9.96774
9.97094
9.97199
9.97105
9.97147
9.97148
9.97185
9.97192
9.97213
9.97161
9.97231
9.97232
9.97259
9.97245
9.97215
9.97302
9.9729
9.97323
9.97533
9.97592
9.976
9.97581
9.97675
9.98293
9.98543
9.98661
9.98674
9.98696
9.98707
9.98789
10.0033
10.0033
10.0033
10.0073
10.009
10.015
10.015
10.0156
10.0159
10.0159
10.016
10.0246
10.0241
10.0245
10.0317
10.0316
10.0517
10.0519
10.0355
10.0358
10.0358
10.0451
10.0466
10.111
10.1121
10.141
10.1412
10.1618
10.1453
10.1457
10.1461
10.1456
10.1457
10.1488
10.1489
10.1499
10.15
10.1538
10.1717
10.1724
10.155
10.1727
10.1552
10.1595
10.1828
10.1837
10.1839
10.184
10.1839
10.2012
10.1843
10.1845
10.1847
10.2058
10.2065
10.206
10.2061
10.2065
10.2105
10.1948
10.214
10.2147
10.2133
10.2139
10.1964
10.2014
10.204
10.2241
10.2071
10.2069
10.2071
10.2081
10.2151
10.219
10.2206
10.2368
10.2568
10.2474
10.264
10.246
10.2639
10.2465
10.2638
10.2473
10.2488
10.2725
10.2674
10.2675
10.2871
10.2697
10.2724
10.27
10.2885
10.2708
10.2709
10.2709
10.2741
10.2765
10.2765
10.2778
10.2779
10.2781
10.2784
10.2887
10.29
10.2902
10.2914
10.2913
10.2915
10.2915
10.3126
10.2959
10.2961
10.2961
10.2982
10.2965
10.297
10.298
10.2968
10.298
10.298
10.3003
10.301
10.301
10.3007
10.3005
10.3183
10.3015
10.3026
10.3214
10.3038
10.3039
10.3225
10.3226
10.3104
10.3165
10.3173
10.3189
10.333
10.3366
10.3366
10.3398
10.3387
10.3398
10.3396
10.3462
10.3463
10.3492
10.3473
10.3465
10.3465
10.3504
10.347
10.3472
10.3484
10.3532
10.3534
10.3569
10.3571
10.3577
10.3579
10.358
10.3582
10.3584
10.3582
10.3584
10.3585
10.3597
10.3591
10.3595
10.3595
10.37
10.3738
10.3778
10.3774
10.3771
10.379
10.3807
10.3819
10.3826
10.3834
10.3836
10.3867
10.3837
10.3834
10.384
10.3837
10.3838
10.3877
10.3896
10.388
10.3886
10.3887
10.3979
10.3945
10.3957
10.3949
10.3995
10.3967
10.4001
10.3965
10.397
10.4008
10.4012
10.4013
10.3981
10.3982
10.3982
10.3985
10.3986
10.3988
10.3984
10.4029
10.4078
10.405
10.4073
10.407
10.406
10.4121
10.41
10.4099
10.4096
10.4094
10.4096
10.4112
10.4144
10.4117
10.4117
10.4215
10.4283
10.4331
10.4331
10.4366
10.4338
10.4339
10.4347
10.4349
10.4385
10.4356
10.435
10.435
10.4353
10.4353
10.438
10.4387
10.4382
10.4377
10.4382
10.4387
10.4442
10.4395
10.4405
10.4452
10.442
10.4408
10.4422
10.4465
10.448
10.4483
10.4464
10.4479
10.4511
10.4487
10.448
10.4485
10.449
10.4473
10.4496
10.4535
10.4489
10.4707
10.452
10.4529
10.4531
10.4538
10.453
10.4548
10.4555
10.4548
10.4546
10.4562
10.4561
10.4548
10.4552
10.4649
10.4688
10.4665
10.473
10.472
10.4738
10.4786
10.4777
10.4777
10.4787
10.4778
10.4782
10.4784
10.4814
10.4799
10.4806
10.4792
10.4794
10.4796
10.4803
10.483
10.4829
10.4838
10.4906
10.4887
10.4873
10.4883
10.4886
10.4884
10.4891
10.4885
10.4894
10.4896
10.4908
10.4892
10.4908
10.491
10.4955
10.4928
10.4963
10.4931
10.4963
10.4924
10.4925
10.4942
10.4926
10.493
10.4981
10.5007
10.5052
10.5035
10.5028
10.5075
10.5039
10.5049
10.5041
10.5055
10.5137
10.5141
10.5131
10.515
10.5147
10.5136
10.5141
10.5138
10.5148
10.5147
10.5143
10.5145
10.5151
10.5177
10.5211
10.5209
10.5213
10.52
10.5224
10.5215
10.5217
10.5218
10.5268
10.527
10.5269
10.5277
10.5281
10.5286
10.5293
10.5295
10.5347
10.5391
10.5339
10.5351
10.5347
10.5364
10.5372
10.5362
10.5371
10.5386
10.5409
10.5469
10.55
10.5495
10.5507
10.557
10.5562
10.5562
10.5562
10.5575
10.5583
10.558
10.559
10.5646
10.5771
10.5757
10.5773
10.5793
10.5773
10.5777
10.5797
10.5794
10.5799
10.5809
10.5905
10.5891
10.5913
10.5903
10.595
10.5936
10.5979
10.5943
10.5989
10.5993
10.5978
10.5993
10.6003
10.6132
10.6182
10.6168
10.6171
10.6211
10.6198
10.6239
10.6232
10.6239
10.624
10.6255
10.6262
10.6266
10.6273
10.6279
10.6314
10.6327
10.6343
10.6359
10.638
10.6415
10.6367
10.6364
10.6358
10.636
10.6358
10.6359
10.6387
10.6407
10.6407
10.6405
10.6417
10.6421
10.6418
10.6408
10.6425
10.6403
10.6402
10.6403
10.641
10.6404
10.643
10.6417
10.6444
10.6429
10.6496
10.6455
10.6457
10.6458
10.6474
10.6463
10.6481
10.6481
10.648
10.6505
10.6599
10.6605
10.6597
10.6602
10.6613
10.661
10.6641
10.67
10.6726
10.6729
10.6726
10.6785
10.6786
10.6787
10.6808
10.6808
10.6806
10.6809
10.681
10.6813
10.681
10.6812
10.6814
10.6812
10.6823
10.6823
10.6831
10.6839
10.6843
10.6864
10.6874
10.6876
10.688
10.7022
10.7039
10.7024
10.7035
10.7035
10.7045
10.7048
10.7055
10.7057
10.706
10.7059
10.7065
10.7236
10.7238
10.7238
10.7244
10.7249
10.7255
10.7261
10.7269
10.7271
10.7258
10.727
10.7267
10.7268
10.7289
10.7291
10.7304
10.7303
10.7296
10.7309
10.7368
10.737
10.7363
10.7364
10.7364
10.7509
10.7511
10.7544
10.7587
10.7591
10.7592
10.7675
10.7677
10.7677
10.7685
10.7706
10.7719
10.7719
10.784
10.7865
10.7865
10.7934
10.7899
10.7901
10.7909
10.7909
10.7957
10.7926
10.7928
10.7931
10.8571
10.8574
10.8681
10.879
10.8841
10.8843
10.8851
10.9155
10.9154
10.9167
10.9169
10.9195
10.9217
10.9228
10.923
10.9242
10.9247
10.9244
10.9252
10.9253
10.9274
10.9281
10.943
10.9453
10.958
10.9588
10.9622
10.961
10.9613
10.9616
10.9613
10.9656
10.966
10.9661
10.968
10.9711
10.972
10.9846
10.9881
10.9848
10.9928
10.9902
10.9916
10.9925
10.9926
10.993
10.9935
10.9946
10.9974
10.9947
10.9957
10.9959
10.9959
10.996
10.9962
10.9971
10.9985
10.9997
10.9998
10.9999
10.9999
11.0039
11.0083
11.0089
11.009
11.0092
11.0097
11.014
11.0142
11.017
11.0221
11.0212
11.0214
11.0215
11.0306
11.0297
11.0427
11.0441
11.0446
11.0502
11.0504
11.0512
11.0513
11.0556
11.0568
11.0569
11.0578
11.0585
11.0621
11.0596
11.0645
11.0881
11.0881
11.0883
11.0911
11.0923
11.0956
11.0997
11.1
11.0962
11.101
11.0972
11.1017
11.1102
11.1136
11.1149
11.1148
11.1153
11.1158
11.1163
11.1175
11.1178
11.1182
11.1173
11.1209
11.1187
11.1219
11.1221
11.1231
11.1227
11.1223
11.1229
11.1228
11.1233
11.1227
11.1243
11.1244
11.1272
11.1275
11.1285
11.1279
11.129
11.1289
11.1288
11.133
11.137
11.1372
11.1368
11.1368
11.1369
11.1383
11.1378
11.1353
11.138
11.1389
11.1383
11.1412
11.1414
11.1389
11.139
11.1452
11.1532
11.1506
11.1519
11.152
11.1522
11.1524
11.1525
11.1728
11.1765
11.1738
11.1785
11.18
11.1812
11.1814
11.1818
11.1816
11.1815
11.1832
11.1832
11.1829
11.1827
11.1834
11.1834
11.1842
11.185
11.1851
11.1858
11.1862
11.1865
11.1865
11.1872
11.1871
11.1869
11.1848
11.1876
11.1918
11.1919
11.1931
11.1942
11.1943
11.1956
11.1929
11.1957
11.1932
11.196
11.1963
11.1938
11.194
11.1997
11.1998
11.1999
11.2001
11.2001
11.2006
11.2011
11.2009
11.2019
11.202
11.2067
11.2068
11.2089
11.2104
11.2137
11.2107
11.2114
11.211
11.2158
11.2162
11.2169
11.217
11.2178
11.2179
11.2179
11.2184
11.2178
11.2189
11.2199
11.2202
11.2204
11.2205
11.2214
11.2214
11.2213
11.2231
11.2227
11.2228
11.2243
11.2239
11.2245
11.2248
11.2329
11.233
11.2336
11.2337
11.2333
11.2335
11.2336
11.2383
11.2341
11.2342
11.2347
11.2385
11.2396
11.2397
11.2421
11.2702
11.2656
11.2657
11.2665
11.2794
11.2795
11.2814
11.2815
11.2815
11.2823
11.2866
11.2858
11.296
11.2967
11.2972
11.2971
11.2975
11.3014
11.3028
11.3058
11.3087
11.3086
11.3087
11.3115
11.3088
11.3097
11.3099
11.3098
11.3119
11.3101
11.3103
11.3103
11.3131
11.3125
11.3106
11.3132
11.3127
11.3118
11.3119
11.313
11.3168
11.3168
11.3182
11.3153
11.32
11.3154
11.3155
11.3159
11.3185
11.3183
11.3242
11.3266
11.3267
11.3251
11.3251
11.325
11.3247
11.3257
11.3277
11.3254
11.3257
11.3256
11.3286
11.3297
11.3269
11.3288
11.3289
11.3284
11.3297
11.3276
11.33
11.3277
11.3282
11.3301
11.3302
11.3301
11.3303
11.3311
11.3333
11.331
11.3317
11.3342
11.3315
11.3329
11.3327
11.3354
11.3362
11.3339
11.3462
11.3469
11.3484
11.3491
11.3473
11.3475
11.35
11.3571
11.3574
11.3616
11.3613
11.3594
11.361
11.3628
11.3708
11.3694
11.3685
11.3729
11.3734
11.3754
11.377
11.3738
11.3771
11.3752
11.3757
11.3765
11.3788
11.3771
11.3772
11.3777
11.3805
11.3798
11.3806
11.3796
11.3823
11.3807
11.3859
11.3841
11.4014
11.3974
11.3996
11.4016
11.3999
11.4016
11.4049
11.4092
11.4066
11.412
11.4124
11.413
11.4131
11.411
11.4148
11.4137
11.4131
11.4138
11.4219
11.4217
11.4216
11.4228
11.4318
11.4319
11.4292
11.4316
11.4296
11.4303
11.4303
11.4307
11.4317
11.4349
11.4359
11.4347
11.4349
11.4361
11.4364
11.4392
11.437
11.439
11.4414
11.4446
11.4458
11.4426
11.4484
11.4613
11.4654
11.463
11.461
11.4664
11.4717
11.5019
11.5126
11.518
11.5168
11.5221
11.5414
11.5445
11.5427
11.5467
11.5472
11.5559
11.5565
11.5571
11.5585
11.5589
11.5741
11.5765
11.5758
11.5816
11.5822
11.59
11.6061
11.6067
11.611
11.6114
11.6095
11.61
11.6102
11.6106
11.6106
11.6174
11.6147
11.6322
11.6332
11.6361
11.6402
11.6398
11.642
11.6427
11.6436
11.6437
11.6457
11.6554
11.6566
11.7018
11.7097
11.71
11.7103
11.7107
11.7155
11.7157
11.7242
11.7246
11.7247
11.7248
11.7249
11.7251
11.7254
11.7287
11.731
11.7284
11.7282
11.7591
11.7587
11.7654
11.7669
11.7647
11.7646
11.7671
11.7649
11.7651
11.7651
11.7651
11.7651
11.7652
11.7653
11.7654
11.7655
11.7651
11.7681
11.7691
11.7689
11.769
11.7751
11.7722
11.781
11.7812
11.7814
11.7815
11.7816
11.7817
11.7817
11.7842
11.7853
11.7854
11.7867
11.7866
11.7878
11.7878
11.7878
11.7879
11.7887
11.7888
11.7942
11.7948
11.7949
11.7951
11.7956
11.7957
11.7959
11.8008
11.7959
11.7961
11.7963
11.7962
11.7965
11.7965
11.7967
11.7967
11.7985
11.7994
11.7999
11.8
11.8007
11.8021
11.8024
11.8033
11.8083
11.8036
11.8036
11.8039
11.804
11.8084
11.8042
11.8042
11.8047
11.8045
11.8063
11.8217
11.8223
11.824
11.8242
11.8245
11.8255
11.8253
11.8257
11.8257
11.8259
11.8263
11.833
11.833
11.8363
11.8593
11.8588
11.8623
11.8707
11.8708
11.873
11.8731
11.875
11.8784
11.8788
11.8851
11.8852
11.8852
11.8906
11.9031
11.9042
11.9041
11.9055
11.9052
11.9064
11.9065
11.9067
11.9066
11.9066
11.9128
11.9124
11.9138
11.9139
11.9194
11.9141
11.915
11.9148
11.9149
11.9154
11.9158
11.9159
11.9166
11.9171
11.9176
11.918
11.9179
11.9223
11.9223
11.9921
11.9921
12.0055
12.008
12.0058
12.0103
12.0087
12.0087
12.0087
12.0092
12.0099
12.01
12.0102
12.0107
12.0104
12.0106
12.0107
12.011
12.011
12.011
12.0109
12.014
12.0165
12.0167
12.0166
12.0169
12.017
12.0173
12.02
12.0202
12.0219
12.0597
12.061
12.0616
12.0617
12.0613
12.0615
12.0617
12.0618
12.064
12.0639
12.0656
12.0658
12.0659
12.0664
12.0665
12.0665
12.0672
12.067
12.0673
12.0674
12.0749
12.0776
12.0778
12.0843
12.0844
12.0849
12.0857
12.0853
12.0856
12.0855
12.0859
12.0883
12.0891
12.0885
12.0886
12.0896
12.0898
12.0898
12.09
12.0986
12.0983
12.1184
12.0982
12.0989
12.0996
12.0998
12.0998
12.1
12.1008
12.1012
12.101
12.1012
12.1014
12.1015
12.1016
12.1021
12.1018
12.103
12.1092
12.104
12.1049
12.1053
12.1053
12.1055
12.1063
12.1064
12.1066
12.1091
12.1092
12.1101
12.1105
12.1105
12.1115
12.1114
12.112
12.112
12.1131
12.1131
12.1136
12.1213
12.1191
12.1196
12.124
12.1238
12.1238
12.1253
12.1253
12.1253
12.1254
12.1263
12.1263
12.1273
12.1276
12.1297
12.13
12.132
12.1319
12.132
12.1327
12.1334
12.1333
12.1332
12.134
12.1345
12.1339
12.1344
12.1349
12.1362
12.1378
12.138
12.1387
12.1382
12.1381
12.1392
12.1394
12.1397
12.1395
12.139
12.1397
12.1414
12.1421
12.1447
12.1418
12.1421
12.1432
12.1436
12.1441
12.1444
12.1447
12.1448
12.1447
12.1448
12.1452
12.1453
12.1451
12.1448
12.1455
12.1456
12.146
12.1456
12.1456
12.146
12.1464
12.1467
12.1462
12.1466
12.1477
12.1484
12.1479
12.148
12.1486
12.1489
12.1487
12.1489
12.1497
12.1514
12.1513
12.1511
12.1511
12.1513
12.1515
12.1512
12.1515
12.1515
12.1516
12.152
12.1529
12.154
12.1556
12.1558
12.1565
12.1575
12.1574
12.158
12.16
12.1598
12.1592
12.1604
12.1607
12.1776
12.1781
12.1776
12.1782
12.1776
12.1778
12.1782
12.1789
12.1812
12.1812
12.1814
12.1807
12.1897
12.1899
12.1929
12.1904
12.1903
12.1896
12.1908
12.1897
12.1905
12.1898
12.19
12.1902
12.1901
12.1939
12.1941
12.1935
12.1941
12.1937
12.1945
12.1946
12.1949
12.2004
12.1976
12.1965
12.1995
12.2003
12.2005
12.2107
12.2117
12.2122
12.2171
12.264
12.2644
12.2659
12.2657
12.2667
12.2656
12.2694
12.266
12.2652
12.2664
12.2659
12.2664
12.2669
12.2668
12.2706
12.2668
12.2667
12.2665
12.2669
12.2675
12.2665
12.267
12.2668
12.2667
12.2658
12.2677
12.2711
12.2673
12.2677
12.2674
12.2682
12.2682
12.2677
12.2671
12.2672
12.2677
12.2674
12.2675
12.2718
12.2683
12.2682
12.2685
12.2687
12.2686
12.2686
12.2727
12.2687
12.2689
12.2697
12.2694
12.2732
12.2735
12.2703
12.2731
12.269
12.2691
12.2733
12.2703
12.2694
12.271
12.2701
12.2706
12.271
12.2696
12.2747
12.2709
12.2761
12.2728
12.2733
12.2755
12.2757
12.2766
12.2768
12.2779
12.2805
12.277
12.2776
12.2823
12.2795
12.2791
12.2826
12.2795
12.2799
12.2807
12.2802
12.2817
12.283
12.2825
12.283
12.2845
12.284
12.2851
12.2847
12.2842
12.2886
12.2865
12.2858
12.2872
12.2866
12.2915
12.288
12.2883
12.2982
12.299
12.2984
12.2991
12.3047
12.3044
12.3054
12.3097
12.3088
12.3138
12.3122
12.3122
12.3143
12.3155
12.3182
12.3178
12.3181
12.3202
12.324
12.3206
12.3249
12.3211
12.3213
12.323
12.3236
12.3235
12.3234
12.3293
12.3283
12.3272
12.3308
12.3343
12.3297
12.3333
12.3371
12.3331
12.3376
12.3331
12.3386
12.3348
12.337
12.3373
12.3424
12.3391
12.3399
12.3409
12.341
12.3439
12.3439
12.3433
12.3508
12.3508
12.3469
12.347
12.3485
12.3481
12.3747
12.3801
12.3807
12.3874
12.3845
12.3833
12.3838
12.3897
12.3865
12.3879
12.3886
12.3887
12.3943
12.3918
12.3929
12.3921
12.392
12.3952
12.3943
12.3923
12.3925
12.3938
12.3956
12.3954
12.3964
12.3944
12.3979
12.4005
12.3966
12.401
12.399
12.4037
12.4063
12.4064
12.405
12.4051
12.4071
12.4053
12.404
12.4042
12.4175
12.4172
12.4169
12.4194
12.4181
12.418
12.4166
12.4166
12.423
12.4229
12.4229
12.42
12.4194
12.4221
12.4243
12.4268
12.4226
12.4246
12.4215
12.424
12.4236
12.424
12.4246
12.4252
12.4265
12.4263
12.4268
12.4259
12.4289
12.4277
12.4269
12.427
12.4279
12.4259
12.4268
12.4272
12.4277
12.4267
12.4325
12.4331
12.4263
12.4269
12.4272
12.4265
12.4267
12.4276
12.4314
12.4303
12.4321
12.4312
12.4308
12.4316
12.4343
12.4362
12.4379
12.4421
12.4364
12.4362
12.4428
12.4368
12.4369
12.4432
12.4442
12.4389
12.4451
12.4399
12.4391
12.4402
12.4437
12.4431
12.4441
12.4459
12.4445
12.4466
12.4439
12.4482
12.4522
12.4453
12.4474
12.4458
12.4519
12.4456
12.4469
12.447
12.4467
12.4473
12.4477
12.4488
12.4493
12.4481
12.4503
12.4514
12.4503
12.4577
12.4518
12.4524
12.4527
12.4522
12.4531
12.4548
12.4552
12.4563
12.4562
12.4564
12.4571
12.4573
12.4575
12.4581
12.4597
12.4598
12.4593
12.4679
12.4626
12.4628
12.4632
12.463
12.4637
12.4633
12.4638
12.4647
12.4651
12.4649
12.4651
12.4653
12.4709
12.4652
12.4657
12.4667
12.4692
12.4699
12.4694
12.4695
12.4692
12.4719
12.4722
12.4715
12.4731
12.473
12.4728
12.4803
12.4748
12.4749
12.4754
12.4777
12.4779
12.4799
12.4795
12.4805
12.4817
12.4822
12.4821
12.4818
12.4826
12.4831
12.4828
12.484
12.4846
12.4854
12.4851
12.4856
12.4867
12.4873
12.4889
12.4891
12.4911
12.4918
12.4943
12.4944
12.4947
12.495
12.4947
12.495
12.4953
12.4953
12.4955
12.4974
12.4974
12.5094
12.5095
12.5042
12.5043
12.5045
12.5109
12.5052
12.5098
12.5164
12.5131
12.5195
12.5181
12.5177
12.5177
12.518
12.518
12.5183
12.525
12.5187
12.5189
12.5201
12.52
12.5264
12.5202
12.5207
12.5271
12.5273
12.5209
12.5294
12.5295
12.5233
12.5241
12.524
12.5306
12.5317
12.5252
12.5255
12.5319
12.5332
12.5298
12.5301
12.53
12.5302
12.5313
12.538
12.5319
12.538
12.5381
12.5415
12.5353
12.5353
12.5355
12.5357
12.5358
12.5427
12.5365
12.5362
12.5365
12.5386
12.5397
12.5398
12.5399
12.5401
12.5412
12.5412
12.5414
12.5416
12.5422
12.5426
12.5436
12.5437
12.544
12.5448
12.5481
12.5494
12.5495
12.5522
12.5526
12.5571
12.5573
12.5574
12.5575
12.5583
12.5585
12.5619
12.5628
12.5623
12.5624
12.5638
12.5638
12.5649
12.5649
12.565
12.565
12.5697
12.57
12.5708
12.5709
12.571
12.5711
12.573
12.5753
12.5755
12.5756
12.5765
12.5774
12.577
12.5808
12.5864
12.5821
12.5829
12.5843
12.5845
12.5883
12.5883
12.5893
12.5963
12.5966
12.5969
12.6037
12.6036
12.6043
12.605
12.6051
12.6074
12.6066
12.606
12.6064
12.6064
12.6057
12.6062
12.606
12.6061
12.6072
12.6062
12.6072
12.6065
12.6066
12.6099
12.6112
12.6169
12.617
12.6163
12.6166
12.6168
12.6169
12.6186
12.6176
12.6173
12.6183
12.6186
12.6189
12.6189
12.6192
12.6199
12.6199
12.6205
12.6316
12.6313
12.6384
12.6321
12.6394
12.6329
12.6332
12.6331
12.6338
12.634
12.6386
12.6406
12.6404
12.6471
12.6411
12.6503
12.657
12.6501
12.6503
12.6508
12.6509
12.6511
12.6507
12.6513
12.6518
12.6535
12.6532
12.6538
12.6535
12.6536
12.6541
12.6579
12.6577
12.6581
12.6578
12.658
12.6579
12.6589
12.6587
12.659
12.6591
12.6596
12.6592
12.6643
12.6643
12.6647
12.6657
12.6653
12.6657
12.667
12.668
12.6681
12.6686
12.6715
12.6724
12.6729
12.6808
12.6793
12.6814
12.6821
12.6815
12.6823
12.6824
12.6829
12.6831
12.6829
12.6847
12.6847
12.6842
12.6864
12.6861
12.6866
12.6878
12.6878
12.7037
12.7032
12.7039
12.707
12.7083
12.7209
12.7192
12.7216
12.7211
12.7231
12.7229
12.7217
12.723
12.7231
12.7241
12.7209
12.7237
12.7264
12.7259
12.723
12.7256
12.7231
12.7276
12.725
12.7269
12.7262
12.7271
12.7278
12.7282
12.7277
12.7258
12.7286
12.7321
12.7255
12.7276
12.7291
12.7276
12.7272
12.7311
12.7309
12.7305
12.7306
12.73
12.731
12.7296
12.7338
12.7317
12.7384
12.7368
12.7392
12.7357
12.739
12.7384
12.7378
12.7395
12.7387
12.739
12.7408
12.7423
12.7463
12.7415
12.7437
12.7494
12.7464
12.7584
12.7563
12.7584
12.7589
12.7603
12.757
12.7572
12.7598
12.766
12.7644
12.7644
12.7644
12.7648
12.7647
12.7644
12.7663
12.7673
12.8114
12.8134
12.8143
12.8139
12.8135
12.8139
12.8156
12.815
12.818
12.8148
12.8198
12.816
12.8195
12.8229
12.8206
12.8195
12.8198
12.8255
12.824
12.8277
12.8239
12.8272
12.823
12.8235
12.8242
12.8252
12.8287
12.827
12.8275
12.8247
12.8254
12.8262
12.8329
12.8316
12.8437
12.8478
12.8436
12.8447
12.8469
12.8443
12.8461
12.8458
12.8465
12.8463
12.8467
12.8493
12.8513
12.8549
12.8564
12.8694
12.8585
12.8565
12.9116
12.9106
12.9107
12.913
12.9135
12.9147
12.9208
12.9257
12.9209
12.9218
12.9221
12.9231
12.9242
12.9244
12.9241
12.9241
12.9241
12.9252
12.9282
12.9299
12.931
12.9309
12.9329
12.933
12.9334
12.9334
12.937
12.944
12.9456
12.9585
12.9456
12.947
12.9596
12.9478
12.9542
12.9551
12.9567
12.9964
13.0016
13.0017
13.0042
13.0054
13.0048
13.0179
13.0079
13.0097
13.0251
13.0253
13.0129
13.0272
13.015
13.0152
13.0277
13.0289
13.029
13.0155
13.0169
13.0171
13.0177
13.0177
13.0313
13.0335
13.0451
13.0393
13.0404
13.0548
13.0435
13.044
13.044
13.0442
13.0442
13.0441
13.0596
13.06
13.0486
13.0496
13.0493
13.0493
13.0525
13.0533
13.0533
13.0542
13.0545
13.0573
13.0586
13.0582
13.0712
13.0593
13.0616
13.06
13.0741
13.0606
13.0742
13.0926
13.0958
13.0961
13.0964
13.0968
13.0985
13.1113
13.1
13.113
13.1162
13.1164
13.1081
13.109
13.1094
13.1104
13.1189
13.1366
13.1442
13.1454
13.1329
13.1331
13.1329
13.1349
13.1338
13.1348
13.1517
13.1392
13.1521
13.1398
13.1401
13.1413
13.1599
13.1471
13.1471
13.161
13.1612
13.1487
13.1637
13.1656
13.1654
13.1663
13.1669
13.1667
13.1545
13.1713
13.1727
13.1729
13.1608
13.1731
13.1743
13.1746
13.1635
13.1625
13.1637
13.1665
13.1835
13.1678
13.1806
13.1801
13.1784
13.1681
13.2079
13.1845
13.1685
13.1811
13.1803
13.1919
13.1806
13.192
13.1918
13.1919
13.1926
13.1802
13.1804
13.1805
13.1928
13.1928
13.193
13.195
13.181
13.194
13.1934
13.1941
13.1913
13.1939
13.1941
13.1915
13.1934
13.1942
13.3028
13.303
13.3036
13.3036
13.3037
13.3044
13.3063
13.3055
13.357
13.3959
13.3972
13.398
13.3994
13.3957
13.3983
13.3997
13.3985
13.4003
13.4005
13.4027
13.3996
13.401
13.3999
13.4028
13.403
13.4004
13.4023
13.4029
13.4009
13.4011
13.4034
13.4034
13.4062
13.4051
13.4167
13.4173
13.4164
13.4174
13.4185
13.4162
13.4178
13.4192
13.4196
13.4174
13.4204
13.4205
13.42
13.4182
13.4184
13.4194
13.4227
13.4209
13.4222
13.4222
13.4203
13.4215
13.4227
13.4209
13.4229
13.4238
13.4214
13.4219
13.4223
13.4237
13.4218
13.4242
13.4244
13.4245
13.4252
13.4236
13.4229
13.4243
13.424
13.4242
13.4272
13.4272
13.4275
13.4278
13.4264
13.426
13.426
13.4262
13.4262
13.4289
13.4265
13.4304
13.4264
13.4277
13.4276
13.4278
13.4289
13.4279
13.4307
13.4308
13.431
13.429
13.4311
13.4293
13.4304
13.4305
13.43
13.4301
13.4321
13.431
13.4309
13.4318
13.437
13.4363
13.4361
13.4413
13.4405
13.4495
13.4507
13.4575
13.445
13.4542
13.4515
13.4656
13.4518
13.4508
13.4532
13.4521
13.4515
13.4515
13.4545
13.4539
13.4698
13.4711
13.4585
13.4574
13.4669
13.4595
13.4602
13.4575
13.4579
13.4686
13.4744
13.4617
13.4679
13.4624
13.4737
13.474
13.4983
13.5033
13.5036
13.5049
13.5057
13.5054
13.5059
13.5163
13.5165
13.5176
13.5179
13.523
13.5256
13.5298
13.53
13.5521
13.5546
13.5693
13.5695
13.5695
13.5696
13.57
13.5699
13.5698
13.5699
13.5699
13.5701
13.5688
13.5744
13.576
13.5777
13.5737
13.5766
13.5788
13.5788
13.5784
13.575
13.58
13.5783
13.5776
13.579
13.5804
13.5811
13.5783
13.5843
13.5797
13.5824
13.5798
13.5777
13.5835
13.5807
13.5818
13.5823
13.5848
13.585
13.5823
13.586
13.5851
13.5894
13.5883
13.5882
13.5883
13.5864
13.5892
13.5895
13.595
13.5933
13.6115
13.6433
13.6092
13.6438
13.6131
13.6376
13.6388
13.6392
13.6385
13.6395
13.6375
13.6379
13.64
13.64
13.6328
13.6353
13.641
13.6369
13.6364
13.6373
13.6376
13.6397
13.6425
13.6427
13.645
13.6467
13.646
13.6442
13.647
13.6773
13.65
13.6442
13.6526
13.6478
13.6519
13.649
13.6532
13.652
13.6492
13.6494
13.6528
13.6477
13.6503
13.6505
13.6549
13.6543
13.6551
13.6568
13.6582
13.6556
13.6565
13.6566
13.6606
13.6561
13.6592
13.6879
13.6565
13.6615
13.6617
13.6619
13.7097
13.7097
13.6953
13.7227
13.7246
13.7248
13.7251
13.7267
13.764
13.7673
13.7674
13.7674
13.7676
13.7677
13.7677
13.768
13.7713
13.7714
13.7716
13.7716
13.7729
13.773
13.7732
13.7733
13.7736
13.7738
13.7802
13.7978
13.7989
13.7991
13.7992
13.7994
13.801
13.8011
13.8012
13.8008
13.803
13.8062
13.8346
13.8347
13.8359
13.8361
13.8362
13.8363
13.9408
13.9408
13.9409
13.9412
13.9414
13.9415
13.9414
13.9417
13.942
13.942
13.9421
13.9421
13.9422
13.9422
13.9423
13.9424
26.6056
26.6109
26.9281
26.9287
26.9292
26.9293
26.9296
26.9313
26.9818
26.9818
26.981
26.9818
26.9832
26.9824
26.9826
26.9831
26.9829
26.9802
26.9806
26.9817
26.9831
26.9826
26.9818
26.9846
26.9833
26.9829
26.9828
26.9854
26.9832
26.9826
26.9867
26.9878
26.9866
26.9874
26.9888
26.9881
26.9863
26.9865
26.9867
26.9869
26.9877
26.9863
26.9874
26.9868
26.9896
26.9904
26.9863
26.9868
26.9868
26.9869
26.9913
26.9907
26.9943
26.9876
26.992
26.9897
26.9952
26.9953
26.9954
26.9885
26.9885
26.9914
26.9887
26.9921
26.9903
26.9903
26.9923
26.9932
26.9916
26.9911
26.9915
26.9919
26.9925
26.9947
26.9942
26.993
26.9999
26.9925
26.9931
26.9941
26.9928
26.9932
26.993
26.9941
26.9936
26.9938
26.9943
26.9944
26.9964
26.9972
26.9946
26.9942
27.002
26.995
27.0002
26.9948
26.9953
26.995
26.997
26.9952
26.9981
26.9954
26.9955
26.9985
26.9961
26.9962
26.9958
26.9964
26.9977
26.9957
26.9995
26.9966
26.998
26.9977
26.9973
26.9968
26.9973
26.9982
26.9979
27.003
26.9992
26.9983
26.9982
27.0015
26.9988
26.9996
26.9999
26.9997
26.9996
26.9993
26.9994
27.0004
27.0007
26.9996
27.0006
27.0002
26.9994
27.0008
27.0005
27.0006
27.0086
27.0028
27.0007
27.0011
27.0091
27.0069
27.0108
27.0075
27.0075
27.0098
27.0097
27.0104
27.0098
27.015
27.0112
27.0099
27.0104
27.0105
27.0105
27.0106
27.0106
27.0108
27.0108
27.0109
27.0108
27.0106
27.0111
27.011
27.0163
27.0111
27.0123
27.0116
27.017
27.0115
27.0126
27.0215
27.0114
27.0114
27.0197
27.0125
27.0197
27.0135
27.0126
27.0135
27.0127
27.013
27.0152
27.0134
27.0139
27.0134
27.0139
27.0131
27.0139
27.0135
27.0144
27.0071
27.0074
27.0203
27.0149
27.0072
27.0068
27.0205
27.0073
27.0072
27.0079
27.02
27.0081
27.0081
27.0086
27.0215
27.0084
27.0086
27.0085
27.0086
27.0087
27.0086
27.009
27.0093
27.0081
27.0099
27.0223
27.0106
27.0104
27.011
27.0116
27.0235
27.0099
27.0118
27.0117
27.0106
27.0114
27.0105
27.025
27.0124
27.013
27.0251
27.0251
27.0252
27.0127
27.0257
27.0142
27.0141
27.0134
27.0132
27.0136
27.0132
27.0138
27.0152
27.0151
27.0149
27.0276
27.0157
27.014
27.0149
27.0286
27.0281
27.0158
27.0157
27.0284
27.0289
27.0163
27.0172
27.0166
27.0295
27.0294
27.0295
27.0295
27.0301
27.0178
27.0173
27.0173
27.0304
27.0307
27.0177
27.0307
27.018
27.0309
27.0191
27.0183
27.0182
27.0309
27.0187
27.0187
27.0195
27.0166
27.0319
27.0319
27.032
27.0323
27.0325
27.0322
27.0205
27.0337
27.0213
27.033
27.0213
27.0342
27.0215
27.034
27.0333
27.034
27.0347
27.0342
27.0349
27.0347
27.0351
27.0348
27.035
27.0357
27.0238
27.036
27.036
27.036
27.0363
27.0365
27.0367
27.0247
27.0365
27.0367
27.0369
27.0366
27.0366
27.0378
27.0365
27.0373
27.0369
27.0371
27.0362
27.0371
27.036
27.0361
27.0362
27.0374
27.0377
27.0363
27.0364
27.0341
27.0367
27.0358
27.0373
27.0366
27.0335
27.0349
27.048
27.0439
27.034
27.0351
27.0363
27.0377
27.0337
27.0351
27.0447
27.0358
27.0358
27.0493
27.0349
27.0371
27.0353
27.0365
27.0354
27.0356
27.0358
27.0359
27.0461
27.0462
27.0462
27.0464
27.0384
27.0366
27.0365
27.0364
27.0367
27.0423
27.0384
27.0373
27.0453
27.0313
27.0457
27.045
27.0397
27.0383
27.0399
27.0404
27.0404
27.0409
27.04
27.0398
27.0407
27.0403
27.0404
27.0405
27.0406
27.0412
27.0408
27.0424
27.0423
27.0419
27.0426
27.0414
27.0418
27.0417
27.0417
27.0418
27.0422
27.0416
27.0486
27.0421
27.0418
27.0424
27.0424
27.0431
27.0493
27.0492
27.043
27.043
27.0427
27.0428
27.0432
27.0433
27.0437
27.0443
27.0433
27.0434
27.05
27.0437
27.044
27.0448
27.0438
27.0439
27.0512
27.0438
27.0437
27.0446
27.0449
27.0448
27.0441
27.0449
27.0453
27.0457
27.0453
27.0453
27.0455
27.0455
27.0452
27.0456
27.0487
27.0454
27.0462
27.0461
27.0459
27.0461
27.046
27.0465
27.0467
27.0467
27.0464
27.0463
27.0467
27.0453
27.0465
27.0472
27.0471
27.0469
27.0476
27.0474
27.0481
27.0482
27.0483
27.0482
27.048
27.0536
27.0536
27.0537
27.049
27.0481
27.0539
27.0542
27.0542
27.0543
27.0545
27.0545
27.0546
27.0542
27.055
27.0551
27.0551
27.0553
27.0552
27.0549
27.0556
27.0558
27.0558
27.0561
27.0562
27.0556
27.0564
27.0567
27.0567
27.0568
27.0561
27.0565
27.0566
27.0567
27.0566
27.0573
27.0564
27.0512
27.0565
27.0565
27.0565
27.0534
27.0521
27.0532
27.0512
27.0539
27.0532
27.0515
27.0525
27.0539
27.0525
27.0509
27.052
27.053
27.058
27.0518
27.0549
27.0548
27.0549
27.0487
27.0611
27.0611
27.0485
27.049
27.0497
27.0491
27.0617
27.0493
27.0491
27.0621
27.0506
27.0502
27.0508
4.61692
4.65264
4.65818
4.65881
4.65906
4.65893
4.65924
4.66132
4.66205
4.66247
4.6625
4.69218
4.6923
4.69429
4.69794
4.69773
4.69818
4.69825
4.69856
4.69846
4.6988
4.69899
4.69986
4.70043
4.70674
4.70759
4.70759
4.70796
4.70829
4.70886
4.71287
4.71299
4.71316
4.71298
4.71299
4.7137
4.71384
4.71578
4.71602
4.71597
4.71559
4.71618
4.71768
4.71811
4.71809
4.71828
4.72124
4.72225
4.72308
4.72758
4.73101
4.73154
4.73081
4.73484
4.73543
4.73586
4.73655
4.73744
4.73858
4.73821
4.73836
4.74195
4.74295
4.74291
4.74324
4.74447
4.7442
4.74735
4.74917
4.75143
4.75125
4.75133
4.75433
4.75456
4.75965
4.76562
4.76561
4.82359
4.83457
4.83457
4.84964
4.84966
4.85045
4.85053
4.85069
4.85093
4.85216
4.85231
4.85307
4.85449
4.86196
4.86436
4.86436
4.86484
4.86563
4.86984
4.87002
4.87074
4.87108
4.88281
4.89506
4.89516
4.89678
4.89697
4.89676
4.89702
4.89938
4.90036
4.91188
4.91648
4.92246
4.92267
4.92379
4.92418
4.92421
4.92444
4.92481
4.93177
4.93619
4.93731
4.94186
4.94329
4.94393
4.94412
4.94421
4.94423
4.94406
4.94422
4.94436
4.94443
4.94489
4.9454
4.94547
4.94526
4.94566
4.94588
4.9466
4.94667
4.94676
4.94682
4.9958
5.01979
5.01998
5.02982
5.03031
5.03037
5.0305
5.03136
5.03133
5.03149
5.03149
5.03225
5.03254
5.03464
5.06437
5.06457
5.06488
5.06497
5.06514
5.06607
5.07219
5.07218
5.0744
5.07424
5.07644
5.07656
5.07761
5.07763
5.07886
5.07884
5.07891
5.08004
5.08019
5.08021
5.08051
5.08058
5.08244
5.09828
5.09825
5.09838
5.09841
5.09855
5.09999
5.10044
5.10233
5.10226
5.10409
5.10413
5.10446
5.10454
5.10538
5.10651
5.10669
5.10694
5.10693
5.10987
5.11135
5.11157
5.11162
5.11339
5.11358
5.11417
5.11423
5.1153
5.11536
5.1156
5.11562
5.11566
5.11696
5.11742
5.11752
5.11746
5.11787
5.11819
5.11829
5.11856
5.11874
5.12057
5.12608
5.12619
5.1259
5.12662
5.12659
5.12669
5.12685
5.12668
5.12682
5.1287
5.12893
5.12971
5.12943
5.13067
5.13036
5.13064
5.13893
5.13901
5.15075
5.1508
5.15143
5.15208
5.15212
5.15235
5.15246
5.15255
5.15285
5.15285
5.15439
5.15462
5.15475
5.15525
5.15677
5.1569
5.15688
5.15702
5.15705
5.15722
5.16217
5.16249
5.16249
5.16334
5.16348
5.16348
5.16423
5.16381
5.16398
5.164
5.16412
5.16416
5.16435
6.1091
6.12597
6.24369
6.39441
6.44696
6.46187
6.46202
6.52495
6.57754
7.50065
7.55667
7.55694
7.55695
7.55711
7.5616
7.56229
7.56524
7.56638
7.56645
7.56653
7.56696
7.56717
7.5953
7.5964
7.59661
7.61347
7.70526
7.7196
7.77691
8.09854
8.09848
8.09839
8.09836
8.09857
8.09842
8.09847
8.09898
8.10014
8.10051
8.10348
8.10367
8.10939
8.11026
8.12974
8.13247
8.13451
8.13683
8.13951
8.13981
8.14213
8.14216
8.14318
8.14324
8.14388
8.14455
8.1444
8.14464
8.14555
8.14562
8.14573
8.14567
8.14582
8.14593
8.14614
8.15029
8.15101
8.15104
8.1545
8.15491
8.13047
8.13478
8.12988
8.15692
8.15707
8.1571
8.12965
8.16208
8.16276
8.14051
8.14573
8.19463
8.19712
8.20169
8.20272
8.21272
8.21285
8.21296
8.19565
8.24549
8.28435
8.29313
8.29808
8.29831
8.34836
8.34844
8.32289
8.3498
8.35016
8.35009
8.37177
8.39398
8.39784
8.41111
8.41297
8.41567
8.41628
8.42249
8.42465
8.4276
8.42778
8.47408
8.47852
8.48333
8.52385
8.54831
8.54904
8.54929
8.54943
8.62864
8.63089
8.67609
8.67624
8.69029
8.69414
8.69965
8.69983
8.70069
8.75698
8.75707
8.75922
8.77968
8.78092
8.85218
8.85254
8.85288
8.85299
8.85314
8.8535
8.85345
8.85362
8.85359
8.85304
8.85376
8.85481
8.85533
8.8551
8.93158
8.95959
8.97288
8.98731
8.99059
9.11264
9.1196
9.11967
9.13642
9.13842
9.14377
9.32651
9.32764
9.33403
9.33402
9.33465
9.33583
9.33588
9.3374
9.33748
9.33752
9.33765
9.33907
9.33916
9.3401
9.3399
9.34031
9.34084
9.34175
9.34595
9.34559
9.37472
9.37899
9.37919
9.37922
9.38
9.38102
9.38117
9.38125
9.38216
9.38658
9.38643
9.40453
9.50483
9.51146
9.51185
9.51374
9.51394
9.53973
9.54302
9.54496
9.54645
9.54744
9.56061
9.56159
9.56275
9.5648
9.57115
9.57168
9.57234
9.57828
9.57809
9.5783
9.57944
9.57912
9.5792
9.58451
9.58583
9.58792
9.58856
9.5881
9.62032
9.63009
9.63248
9.63211
9.63442
9.63692
9.63654
9.63672
9.63894
9.63918
9.63932
9.6411
9.64069
9.64115
9.64255
9.67018
9.6848
9.68436
9.68508
9.68479
9.68537
9.68534
9.68511
9.68476
9.69123
9.69112
9.69155
9.69125
9.69109
9.69203
9.69204
9.69218
9.69223
9.69753
9.69705
9.6994
9.69906
9.70059
9.70632
9.7064
9.70685
9.70636
9.708
9.71166
9.70883
9.709
9.70896
9.70915
9.71079
9.71083
9.7105
9.71055
9.7215
9.72171
9.7219
9.72207
9.72208
9.72277
9.72278
9.72305
9.72503
9.73206
9.7325
9.73185
9.73347
9.73385
9.734
9.73283
9.7328
9.73276
9.73308
9.73399
9.73359
9.7341
9.73491
9.73708
9.73807
9.73973
9.73822
9.73921
9.73925
9.74254
9.74027
9.7403
9.74262
9.74273
9.74234
9.74268
9.74303
9.74351
9.74309
9.74582
9.74599
9.74596
9.7461
9.7463
9.7465
9.74647
9.74669
9.74669
9.74779
9.74868
9.74803
9.74879
9.75691
9.77041
9.76838
9.77256
9.77762
9.78414
9.79524
9.82879
9.84547
9.84536
9.84555
9.84559
9.86191
9.86174
9.89277
9.89288
9.89286
9.89347
9.90123
9.90161
9.90316
9.93073
9.93867
9.94065
9.94091
9.94219
9.947
9.94746
9.94741
9.94789
9.9479
9.9482
9.95344
9.96242
9.96953
9.97051
9.97614
9.97717
9.98425
9.98461
9.98455
9.98464
9.98466
9.98479
9.99641
9.99674
9.99616
10.013
10.0145
10.0173
10.0181
10.0239
10.0247
10.0248
10.0247
10.0249
10.0252
10.0254
10.0257
10.0256
10.0258
10.0304
10.0339
10.0377
10.0414
10.0465
10.0437
10.0451
10.0547
10.118
10.1427
10.1442
10.1569
10.1551
10.1552
10.1599
10.16
10.1597
10.1698
10.1701
10.1702
10.1716
10.1716
10.1736
10.1716
10.1722
10.1724
10.1733
10.1764
10.177
10.1757
10.1771
10.1848
10.1898
10.1895
10.192
10.1925
10.1924
10.1984
10.1955
10.1985
10.1969
10.1987
10.1994
10.2042
10.2043
10.2075
10.2063
10.2061
10.2068
10.2062
10.207
10.2084
10.2099
10.2069
10.2077
10.2073
10.2102
10.2112
10.2085
10.2099
10.2122
10.2107
10.2129
10.2156
10.2139
10.2153
10.2165
10.2169
10.2132
10.2164
10.2163
10.2169
10.2164
10.2171
10.2168
10.2174
10.2206
10.222
10.2218
10.2228
10.2224
10.227
10.2243
10.2267
10.2261
10.2259
10.2262
10.2289
10.2287
10.2296
10.2319
10.2296
10.2317
10.2295
10.2305
10.2298
10.2302
10.2298
10.2297
10.2301
10.2304
10.2352
10.2353
10.2359
10.2401
10.2376
10.2402
10.2454
10.2479
10.2487
10.2486
10.2497
10.2492
10.249
10.2521
10.2513
10.2529
10.2495
10.253
10.2531
10.2582
10.2575
10.2571
10.2579
10.2604
10.2613
10.2618
10.2627
10.2626
10.2626
10.2666
10.2636
10.267
10.2642
10.2642
10.2645
10.2668
10.2667
10.2645
10.2704
10.2692
10.2714
10.2694
10.2693
10.2725
10.2738
10.2751
10.2762
10.2794
10.2767
10.2807
10.2891
10.2888
10.3022
10.2991
10.3042
10.3045
10.3052
10.3054
10.3082
10.3089
10.3103
10.3156
10.3156
10.3192
10.3168
10.3199
10.3197
10.3211
10.3266
10.3288
10.3276
10.3275
10.3421
10.3445
10.3452
10.345
10.3463
10.3486
10.355
10.3554
10.3577
10.3565
10.356
10.3686
10.3663
10.3667
10.3666
10.3693
10.3675
10.3674
10.3681
10.3782
10.3764
10.3777
10.379
10.3794
10.379
10.3793
10.3804
10.3806
10.3853
10.3837
10.3841
10.3866
10.3849
10.385
10.3861
10.3884
10.3867
10.3864
10.3862
10.3971
10.3971
10.3977
10.398
10.3984
10.3981
10.398
10.3982
10.3983
10.4231
10.4238
10.4234
10.4239
10.4295
10.4311
10.4311
10.4374
10.4653
10.4741
10.4774
10.4778
10.4795
10.4841
10.4845
10.4845
10.4895
10.4972
10.498
10.4977
10.499
10.5112
10.5233
10.5291
10.5298
10.5314
10.5316
10.5321
10.532
10.5374
10.5372
10.5382
10.5394
10.5404
10.5406
10.5431
10.5447
10.5472
10.5477
10.5529
10.5584
10.5597
10.5599
10.5659
10.566
10.5664
10.5661
10.5675
10.5667
10.5679
10.5701
10.569
10.5739
10.5779
10.5846
10.587
10.5871
10.5883
10.5882
10.5878
10.5886
10.5887
10.5888
10.5879
10.5888
10.589
10.5892
10.5904
10.5899
10.6021
10.6033
10.6033
10.6084
10.6081
10.609
10.609
10.6098
10.609
10.61
10.6104
10.6101
10.6102
10.6135
10.6135
10.6134
10.6142
10.6154
10.6146
10.6155
10.615
10.6183
10.6178
10.6177
10.6235
10.6236
10.6241
10.6268
10.6268
10.627
10.6271
10.6274
10.6281
10.6305
10.6306
10.6333
10.6361
10.6379
10.6449
10.6486
10.6528
10.653
10.6576
10.6589
10.659
10.6592
10.6604
10.6602
10.6606
10.6597
10.6667
10.6688
10.6681
10.6703
10.6684
10.6689
10.6691
10.6698
10.6695
10.6708
10.6712
10.6705
10.6711
10.6706
10.6707
10.6712
10.6717
10.6715
10.6796
10.6783
10.6794
10.6802
10.6811
10.6804
10.6839
10.6814
10.6812
10.6816
10.6817
10.6825
10.6819
10.6816
10.682
10.682
10.6848
10.6855
10.6861
10.6859
10.686
10.6889
10.6889
10.689
10.6892
10.6908
10.692
10.6912
10.6923
10.6914
10.6921
10.6915
10.6946
10.6943
10.6945
10.6975
10.6975
10.6977
10.6992
10.7003
10.6995
10.7004
10.7009
10.7029
10.7039
10.7039
10.7039
10.703
10.707
10.7077
10.7067
10.7067
10.7068
10.7078
10.7069
10.7072
10.7117
10.7411
10.7401
10.7438
10.7412
10.7433
10.7452
10.7489
10.7455
10.7463
10.7464
10.7466
10.7477
10.7489
10.7488
10.7499
10.7576
10.7632
10.7633
10.768
10.7678
10.7777
10.784
10.7847
10.7842
10.7859
10.7852
10.7871
10.7864
10.7863
10.7863
10.7933
10.8018
10.8019
10.8036
10.804
10.805
10.8064
10.8064
10.8079
10.808
10.8613
10.8613
10.8664
10.8656
10.8663
10.8664
10.8806
10.8863
10.8853
10.8862
10.8863
10.8865
10.8866
10.8876
10.8878
10.888
10.8935
10.8941
10.8941
10.9189
10.919
10.9252
10.9236
10.9255
10.9242
10.9251
10.9254
10.9259
10.9248
10.9265
10.9273
10.9269
10.9258
10.9279
10.9285
10.9283
10.9378
10.938
10.9386
10.9518
10.9526
10.9551
10.971
10.9712
10.9714
10.9719
10.9718
10.9731
10.9742
10.9743
10.9818
10.9834
10.9838
10.9882
10.985
10.9843
10.9851
10.9844
10.9862
10.9866
10.9876
10.9903
10.9897
10.9907
10.9907
10.9912
10.9931
10.9932
10.9931
10.9929
10.9931
10.9932
10.9933
10.9933
10.9973
10.9972
10.9984
10.9984
11.0007
11.01
11.0101
11.0097
11.0098
11.0099
11.0105
11.0104
11.0103
11.0107
11.011
11.0126
11.0126
11.0126
11.0132
11.0134
11.0144
11.0144
11.0145
11.0147
11.0154
11.0156
11.0157
11.0172
11.0174
11.0178
11.0249
11.0202
11.0204
11.0209
11.0292
11.0309
11.0336
11.0363
11.0375
11.0375
11.0374
11.0375
11.0377
11.0378
11.0379
11.0378
11.038
11.038
11.0388
11.0405
11.0406
11.0406
11.0406
11.0409
11.041
11.041
11.0481
11.0538
11.0539
11.0568
11.0572
11.0571
11.0591
11.0593
11.0597
11.0701
11.0701
11.0709
11.0711
11.0713
11.0714
11.0718
11.0726
11.0727
11.0726
11.0727
11.0735
11.0736
11.0747
11.0747
11.076
11.0761
11.076
11.0794
11.0795
11.0796
11.0797
11.0797
11.0798
11.0968
11.1058
11.1625
11.1623
11.1625
11.1624
11.1634
11.1646
11.1647
11.1657
11.1658
11.1658
11.179
11.1792
11.1813
11.2155
11.2159
11.222
11.222
11.2246
11.2249
11.225
11.2251
11.2254
11.2255
11.2428
11.2429
11.245
11.2462
11.2462
11.2463
11.2497
11.2498
11.2499
11.25
11.251
11.253
11.2589
11.2598
11.2599
11.2611
11.2612
11.2612
11.2623
11.2685
11.2626
11.2626
11.2651
11.2628
11.2646
11.2647
11.2649
11.2655
11.265
11.2654
11.2662
11.2658
11.2657
11.2675
11.2676
11.2672
11.2673
11.2684
11.2685
11.272
11.2721
11.273
11.2743
11.2747
11.2748
11.2959
11.2959
11.2962
11.2962
11.2978
11.2979
11.3048
11.3048
11.3051
11.3051
11.3053
11.3057
11.3059
11.3061
11.3081
11.308
11.3095
11.3092
11.3103
11.3105
11.3116
11.3113
11.3115
11.3126
11.3128
11.3136
11.317
11.3714
11.3708
11.3711
11.3712
11.3751
11.3817
11.3795
11.3794
11.3794
11.3795
11.3906
11.3907
11.3907
11.3908
11.391
11.3918
11.3915
11.3915
11.3941
11.3952
11.3959
11.3965
11.3976
11.3984
11.3983
11.3984
11.3994
11.3993
11.4018
11.4025
11.4026
11.4032
11.4034
11.4029
11.4032
11.4046
11.4046
11.4051
11.4051
11.4049
11.4053
11.4131
11.4218
11.423
11.4244
11.4296
11.4296
11.4303
11.43
11.4317
11.4325
11.4325
11.4323
11.4379
11.4376
11.4374
11.4392
11.4398
11.4399
11.4456
11.4461
11.4483
11.4682
11.4721
11.4727
11.4728
11.4801
11.4804
11.4813
11.4817
11.4814
11.4816
11.4835
11.4827
11.4843
11.4842
11.4866
11.487
11.4872
11.4971
11.5003
11.5042
11.5038
11.5039
11.506
11.5069
11.5076
11.5071
11.5091
11.508
11.5098
11.5101
11.5107
11.5109
11.5108
11.5206
11.5221
11.5227
11.5228
11.5217
11.5236
11.5243
11.5257
11.5313
11.5312
11.5367
11.544
11.5498
11.5503
11.5502
11.5499
11.5514
11.5528
11.5524
11.5539
11.5531
11.5541
11.554
11.5548
11.5545
11.5575
11.5565
11.5602
11.5599
11.5623
11.5622
11.5617
11.565
11.5653
11.5682
11.5681
11.5687
11.5689
11.5731
11.5741
11.5793
11.5856
11.5863
11.5861
11.5888
11.5884
11.5884
11.5894
11.5891
11.5897
11.5896
11.5936
11.6015
11.5947
11.6238
11.618
11.621
11.6214
11.623
11.6233
11.6274
11.6267
11.6272
11.6269
11.6271
11.6273
11.6275
11.6407
11.6409
11.6412
11.6445
11.6447
11.6455
11.645
11.6476
11.6539
11.6546
11.6571
11.6566
11.6567
11.6568
11.6572
11.6613
11.6613
11.6637
11.6643
11.6649
11.6713
11.6694
11.671
11.71
11.7194
11.7197
11.72
11.7207
11.7286
11.724
11.7239
11.7242
11.7245
11.7243
11.7249
11.7263
11.7291
11.7319
11.7324
11.7352
11.7356
11.7558
11.7571
11.7582
11.7573
11.7603
11.761
11.7609
11.7643
11.7662
11.7649
11.7652
11.7653
11.7653
11.7662
11.7665
11.7673
11.7677
11.7668
11.7674
11.7672
11.7669
11.7763
11.7748
11.7772
11.7777
11.7777
11.7811
11.7852
11.7856
11.7852
11.7851
11.786
11.7861
11.7869
11.7872
11.7879
11.7927
11.7951
11.7952
11.7953
11.7955
11.7956
11.8024
11.8055
11.8341
11.8342
11.8357
11.8353
11.8367
11.8451
11.8405
11.8435
11.8434
11.8436
11.843
11.8444
11.8449
11.8456
11.8456
11.8467
11.85
11.8472
11.8541
11.8548
11.8511
11.8559
11.8572
11.8529
11.8605
11.8615
11.8614
11.8633
11.8675
11.8639
11.8647
11.8685
11.8646
11.8658
11.869
11.8649
11.8642
11.8657
11.8684
11.8724
11.8783
11.8788
11.8798
11.8822
11.8821
11.8866
11.8852
11.8916
11.893
11.8918
11.8931
11.8935
11.8934
11.8929
11.8934
11.8931
11.8959
11.9006
11.8953
11.8971
11.8965
11.8976
11.898
11.897
11.8971
11.8999
11.8981
11.8985
11.8995
11.8996
11.8993
11.9047
11.9055
11.9008
11.9065
11.9012
11.9018
11.9044
11.9076
11.9025
11.9063
11.9075
11.9086
11.9077
11.909
11.9094
11.9097
11.9079
11.9096
11.9103
11.9103
11.9149
11.9178
11.9123
11.9126
11.9354
11.9311
11.9372
11.9308
11.9306
11.933
11.9319
11.9389
11.9327
11.9362
11.9346
11.9381
11.9364
11.9384
11.9445
11.9403
11.9406
11.9409
11.9427
11.949
11.9429
11.9452
11.9445
11.9455
11.9457
11.9489
11.9504
11.9549
11.9541
11.9556
11.9556
11.9554
11.9616
11.9568
11.9578
11.9581
11.9569
11.9579
11.9585
11.9584
11.9584
11.9594
11.9588
11.9601
11.9604
11.9601
11.961
11.9618
11.9613
11.9641
11.9645
11.9647
11.966
11.9665
11.9663
11.9667
11.9681
11.9718
11.9723
11.9722
11.9734
11.9764
11.974
11.9817
11.9801
11.9812
11.9819
11.9841
11.9846
11.9844
11.9854
11.986
11.9877
11.9872
11.987
11.9883
11.9876
11.9902
11.9883
11.9912
11.9889
11.9895
11.9894
11.9923
11.9903
11.9919
11.9902
11.991
11.9969
12.0047
11.9985
12.0227
12.0267
12.0277
12.0267
12.0285
12.027
12.0279
12.0299
12.0309
12.0293
12.0303
12.0292
12.0298
12.0302
12.0638
12.0643
12.0657
12.0661
12.0667
12.0867
12.0873
12.081
12.087
12.0874
12.0831
12.0833
12.0892
12.0892
12.0836
12.0892
12.0844
12.0905
12.0852
12.0852
12.0911
12.0863
12.0922
12.0922
12.0865
12.0923
12.0926
12.0877
12.0938
12.0941
12.0991
12.0974
12.0979
12.0976
12.0976
12.0993
12.1059
12.101
12.1001
12.1002
12.1006
12.1
12.1003
12.1014
12.1014
12.1016
12.1015
12.1016
12.1025
12.1041
12.1187
12.1185
12.1186
12.1187
12.1137
12.1199
12.1192
12.1232
12.119
12.1249
12.1245
12.1196
12.1208
12.1211
12.1212
12.1221
12.1284
12.1277
12.1297
12.1293
12.1318
12.1296
12.1246
12.1311
12.1248
12.1308
12.1419
12.1369
12.1367
12.1368
12.1409
12.1608
12.1621
12.1673
12.1627
12.168
12.1678
12.1628
12.164
12.1699
12.1648
12.1733
12.1737
12.1741
12.169
12.1756
12.1693
12.1702
12.1758
12.1772
12.1717
12.1719
12.176
12.1846
12.1862
12.1803
12.1812
12.1864
12.1849
12.1842
12.1857
12.1856
12.1858
12.1912
12.1861
12.1868
12.1865
12.1932
12.1936
12.199
12.1936
12.194
12.1954
12.2011
12.1956
12.197
12.1969
12.2025
12.2051
12.1997
12.2004
12.1998
12.2067
12.2073
12.201
12.2321
12.2324
12.2372
12.2378
12.2765
12.2736
12.2731
12.2783
12.2739
12.2742
12.2735
12.2743
12.2742
12.2744
12.2759
12.2777
12.2784
12.2786
12.2788
12.2789
12.2781
12.2789
12.2844
12.2845
12.2842
12.2837
12.285
12.2911
12.2862
12.2909
12.2864
12.2953
12.3015
12.2965
12.3007
12.3002
12.3012
12.3009
12.301
12.3066
12.3047
12.3049
12.3059
12.3278
12.3294
12.3299
12.3247
12.3301
12.3263
12.3313
12.3264
12.3316
12.3322
12.327
12.3293
12.335
12.3297
12.3299
12.3299
12.3354
12.3381
12.3402
12.3396
12.3406
12.3418
12.3465
12.3457
12.346
12.3479
12.3479
12.3487
12.3545
12.3491
12.35
12.3494
12.3498
12.3496
12.3507
12.3595
12.3536
12.3558
12.3735
12.3826
12.3887
12.3842
12.3885
12.3839
12.3837
12.3833
12.3832
12.3834
12.3841
12.3837
12.3841
12.3853
12.3854
12.3921
12.3917
12.3919
12.3868
12.3879
12.3881
12.388
12.3949
12.3909
12.3968
12.3933
12.3944
12.3972
12.3975
12.4022
12.4045
12.4049
12.4011
12.407
12.4023
12.4023
12.4039
12.4085
12.4093
12.423
12.4222
12.428
12.4225
12.4236
12.43
12.4313
12.4259
12.4301
12.4302
12.4304
12.4284
12.4333
12.4329
12.4351
12.4317
12.4314
12.4314
12.4349
12.4349
12.4356
12.4352
12.4405
12.4415
12.4402
12.4406
12.4406
12.4387
12.4441
12.4443
12.4457
12.449
12.45
12.4454
12.449
12.449
12.4522
12.4521
12.4516
12.4536
12.4565
12.4567
12.452
12.4568
12.4578
12.4591
12.4595
12.4596
12.4596
12.4607
12.4607
12.4657
12.462
12.4667
12.468
12.469
12.4651
12.4697
12.4654
12.4658
12.4706
12.4715
12.4683
12.4684
12.4688
12.4707
12.472
12.4914
12.4891
12.4946
12.4912
12.4958
12.4915
12.4916
12.4916
12.4963
12.4938
12.4947
12.4976
12.4951
12.4984
12.4994
12.4981
12.4981
12.5008
12.503
12.5005
12.5027
12.5028
12.5037
12.5039
12.5064
12.5071
12.5041
12.5052
12.5053
12.5099
12.5176
12.5221
12.5226
12.5222
12.5244
12.5253
12.5306
12.5329
12.5335
12.5345
12.5342
12.5332
12.5335
12.5309
12.5333
12.5342
12.5353
12.5365
12.5389
12.5388
12.5389
12.5397
12.5421
12.5422
12.5425
12.5433
12.5436
12.5445
12.5457
12.546
12.55
12.5522
12.5523
12.5531
12.5684
12.5692
12.5693
12.5694
12.5717
12.588
12.5924
12.6037
12.6042
12.6084
12.609
12.6106
12.6211
12.6215
12.6226
12.6238
12.6379
12.6379
12.6451
12.6458
12.6461
12.6459
12.6461
12.647
12.6527
12.6536
12.6539
12.6632
12.6642
12.7434
12.7512
12.7739
12.774
12.7741
12.7735
12.7779
12.7788
12.7819
12.8251
12.8258
12.8284
12.8285
12.8289
12.8287
12.8295
12.8293
12.8301
12.8309
12.8308
12.8308
12.834
12.8311
12.8313
12.8344
12.8312
12.8352
12.839
12.84
12.8701
12.8709
12.8717
12.8716
12.8721
12.8795
12.8725
12.9252
12.9258
12.9269
12.9528
12.9528
12.9546
12.9549
12.9546
12.9548
12.9556
12.9613
12.9602
12.9625
12.9634
12.9635
12.964
12.9675
12.965
12.9682
12.9655
12.9648
12.9651
12.9649
12.9761
12.9731
12.9765
12.9736
12.977
12.9751
12.9767
12.977
12.9779
12.9817
12.9789
12.9834
12.9844
12.9854
12.9928
12.9901
12.9913
12.9925
12.994
12.9943
12.9996
12.9996
13.0002
13.1956
13.1955
13.1967
13.1968
13.1974
13.1987
13.2031
13.199
13.2001
13.2051
13.2063
13.2076
13.2071
13.2065
13.2077
13.2088
13.2085
13.2088
13.2127
13.2095
13.2095
13.2098
13.2102
13.2136
13.2103
13.2101
13.2106
13.211
13.2153
13.2118
13.2124
13.2121
13.2116
13.2137
13.2121
13.2119
13.2126
13.2122
13.2126
13.2133
13.2128
13.2134
13.2132
13.2176
13.2133
13.2142
13.2158
13.2157
13.2172
13.2185
13.2185
13.218
13.2187
13.2227
13.219
13.2182
13.2184
13.223
13.2194
13.219
13.219
13.2196
13.2189
13.22
13.2413
13.2452
13.2415
13.2423
13.243
13.2459
13.2459
13.25
13.2501
13.2461
13.2461
13.2505
13.2471
13.2466
13.2468
13.2466
13.247
13.2486
13.2531
13.249
13.2489
13.2494
13.2494
13.2497
13.2496
13.2506
13.2542
13.2543
13.2502
13.2507
13.2509
13.2515
13.2562
13.2522
13.2521
13.2564
13.2567
13.2573
13.2581
13.2576
13.2586
13.2583
13.2588
13.2616
13.2612
13.2624
13.2609
13.2623
13.2613
13.2625
13.2626
13.2638
13.2627
13.2632
13.2633
13.264
13.2639
13.2637
13.2644
13.2684
13.2727
13.2698
13.2698
13.2699
13.2716
13.2754
13.2703
13.2706
13.2761
13.2762
13.2714
13.2777
13.2778
13.2729
13.2735
13.275
13.2748
13.2747
13.2744
13.2757
13.2744
13.2743
13.2794
13.2798
13.2799
13.2799
13.2799
13.2758
13.2807
13.2748
13.2758
13.277
13.2815
13.2817
13.2771
13.2766
13.2786
13.2775
13.2789
13.2839
13.2791
13.2798
13.2819
13.2801
13.2869
13.2884
13.2883
13.2869
13.2852
13.2849
13.2856
13.2878
13.2877
13.2904
13.2875
13.2875
13.2901
13.2919
13.287
13.2921
13.2908
13.2921
13.2967
13.2892
13.2939
13.2935
13.2943
13.2943
13.2942
13.2945
13.2937
13.2939
13.2947
13.2994
13.295
13.295
13.295
13.2991
13.2942
13.2938
13.2943
13.2955
13.2942
13.2967
13.3034
13.2981
13.2984
13.3038
13.2995
13.3
13.3
13.2996
13.299
13.2976
13.3057
13.3012
13.306
13.3007
13.2996
13.3062
13.302
13.3036
13.3027
13.3012
13.3023
13.3047
13.31
13.3063
13.3065
13.3061
13.3056
13.3058
13.3063
13.311
13.306
13.3119
13.313
13.3088
13.3088
13.3071
13.3081
13.31
13.3385
13.3364
13.3449
13.3357
13.3355
13.3381
13.3386
13.3441
13.3467
13.3532
13.353
13.3458
13.3469
13.3488
13.3515
13.3475
13.3519
13.3504
13.3529
13.3505
13.353
13.3585
13.3544
13.3503
13.356
13.3539
13.3542
13.3522
13.3615
13.3543
13.3565
13.355
13.3572
13.3675
13.3574
13.3643
13.3648
13.36
13.3697
13.3625
13.3631
13.3894
13.3895
13.39
13.3893
13.3927
13.3939
13.396
13.3965
13.3949
13.3968
13.3947
13.3948
13.3925
13.4
13.3989
13.3992
13.3963
13.3988
13.4012
13.3985
13.4039
13.4045
13.4443
13.4424
13.4443
13.4587
13.4696
13.4693
13.4722
13.4693
13.4705
13.4725
13.4706
13.4804
13.4732
13.4764
13.4713
13.4735
13.4739
13.4771
13.4749
13.4751
13.4752
13.4763
13.4787
13.4791
13.4776
13.4872
13.4777
13.4823
13.4777
13.478
13.4872
13.4775
13.4802
13.4779
13.4774
13.4873
13.4797
13.4821
13.4779
13.479
13.4787
13.4881
13.4784
13.4886
13.4886
13.4797
13.4804
13.4806
13.4803
13.4841
13.4842
13.492
13.4832
13.4908
13.4968
13.4918
13.4884
13.4913
13.4922
13.4928
13.4956
13.4982
13.4958
13.4929
13.5024
13.4935
13.5033
13.5037
13.4941
13.4951
13.508
13.5005
13.5012
13.5022
13.5021
13.5082
13.5055
13.4859
13.5088
13.5097
13.5162
13.5222
13.5192
13.5134
13.5132
13.5236
13.5236
13.5137
13.5214
13.5229
13.5147
13.5235
13.5251
13.528
13.5302
13.5295
13.529
13.5317
13.529
13.5287
13.5309
13.5324
13.5287
13.5289
13.5268
13.5305
13.5291
13.5336
13.5345
13.5315
13.5338
13.5246
13.5336
13.5352
13.5261
13.5335
13.5349
13.5347
13.5364
13.5339
13.5337
13.5375
13.5376
13.5372
13.5372
13.5284
13.5364
13.5341
13.5295
13.5353
13.5377
13.5403
13.5414
13.5418
13.5405
13.5373
13.5356
13.5352
13.5377
13.5425
13.5357
13.5418
13.5418
13.5466
13.5376
13.5474
13.5393
13.5417
13.5475
13.5497
13.549
13.5507
13.551
13.5512
13.5505
13.5494
13.5429
13.5449
13.5438
13.5495
13.5462
13.555
13.5581
13.5481
13.5484
13.551
13.5574
13.5586
13.5493
13.5496
13.5558
13.5539
13.5494
13.5543
13.5496
13.5494
13.5497
13.5551
13.5545
13.5502
13.5567
13.5507
13.5501
13.5518
13.5518
13.5549
13.5524
13.5538
13.5633
13.5611
13.555
13.5637
13.5551
13.5632
13.5556
13.5727
13.5728
13.5637
13.5688
13.5746
13.5727
13.5646
13.576
13.5662
13.5709
13.5692
13.5763
13.5755
13.5734
13.574
13.5757
13.5747
13.5756
13.567
13.5688
13.5761
13.5742
13.5742
13.5766
13.5767
13.5735
13.5688
13.5735
13.5734
13.5773
13.581
13.581
13.5828
13.5809
13.5842
13.5847
13.5852
13.5842
13.586
13.583
13.5854
13.584
13.577
13.5857
13.5863
13.5856
13.5771
13.5789
13.5855
13.586
13.5775
13.5859
13.5779
13.5868
13.5844
13.5837
13.5866
13.5865
13.5848
13.5921
13.5891
13.5982
13.6011
13.6006
13.6004
13.5969
13.5971
13.5931
13.5993
13.599
13.6023
13.5982
13.5996
13.5993
13.6026
13.5991
13.6001
13.6008
13.605
13.6024
13.6004
13.6024
13.6028
13.6011
13.6019
13.6084
13.6092
13.5984
13.605
13.6077
13.5985
13.6037
13.6073
13.6039
13.6094
13.6059
13.6054
13.6054
13.6047
13.6056
13.605
13.6058
13.606
13.6052
13.6064
13.6064
13.6019
13.6065
13.6067
13.6074
13.6072
13.6081
13.61
13.6083
13.609
13.6097
13.6085
13.6094
13.6095
13.6083
13.612
13.6148
13.617
13.6177
13.6127
13.6162
13.6152
13.6164
13.6163
13.6167
13.6175
13.629
13.6186
13.6177
13.6295
13.6183
13.6234
13.6206
13.6193
13.6197
13.621
13.6268
13.621
13.6242
13.6226
13.6226
13.6221
13.622
13.6288
13.6266
13.6213
13.6263
13.6265
13.6291
13.6306
13.6358
13.6277
13.6362
13.6353
13.6342
13.6345
13.6324
13.6348
13.6375
13.6415
13.6392
13.6408
13.6374
13.6375
13.6388
13.6391
13.6406
13.6426
13.6414
13.6416
13.6417
13.652
13.6507
13.6506
13.6509
13.6497
13.6648
13.6605
13.6633
13.6634
13.6674
13.6677
13.6678
13.6643
13.6634
13.6644
13.6637
13.6638
13.6648
13.6653
13.6684
13.6686
13.673
13.6702
13.6687
13.6704
13.6716
13.6706
13.6708
13.6702
13.6711
13.6716
13.6716
13.6703
13.676
13.6796
13.6732
13.6731
13.6779
13.6767
13.6758
13.6765
13.6767
13.6786
13.674
13.6741
13.6739
13.6728
13.6732
13.6791
13.6794
13.6798
13.6783
13.6788
13.6785
13.6788
13.6798
13.6793
13.682
13.6826
13.6826
13.6829
13.6958
13.685
13.684
13.6848
13.6966
13.7018
13.6974
13.702
13.6919
13.6925
13.6935
13.7049
13.7023
13.6942
13.6951
13.6941
13.7057
13.6946
13.6946
13.6958
13.7038
13.6967
13.7052
13.7052
13.6977
13.6992
13.7072
13.7032
13.7081
13.7005
13.7005
13.7083
13.7056
13.7141
13.7181
13.7061
13.7063
13.7087
13.7077
13.7151
13.7151
13.7183
13.7106
13.7133
13.7112
13.7119
13.7121
13.712
13.7242
13.7125
13.7207
13.7187
13.7266
13.7266
13.7295
13.7217
13.73
13.7222
13.7253
13.7265
13.7352
13.742
13.7352
13.7354
13.7329
13.7397
13.7374
13.7367
13.7444
13.7363
13.7482
13.7456
13.7377
13.7429
13.7415
13.7348
13.7498
13.7414
13.7465
13.7387
13.7361
13.7428
13.7489
13.754
13.7541
13.7499
13.7483
13.7515
13.7488
13.7514
13.7589
13.7618
13.7582
13.758
13.7584
13.7586
13.759
13.7591
13.7589
13.7595
13.7603
13.7594
13.7668
13.7597
13.7612
13.7626
13.7602
13.76
13.7626
13.761
13.7614
13.7615
13.7605
13.7604
13.7633
13.7603
13.7628
13.7606
13.7685
13.7612
13.7694
13.7612
13.7695
13.7699
13.7625
13.7651
13.7633
13.7648
13.7648
13.7763
13.7649
13.7692
13.7728
13.7671
13.7661
13.7774
13.7742
13.7747
13.7726
13.7793
13.7798
13.7832
13.7803
13.7739
13.78
13.781
13.7789
13.7747
13.775
13.7822
13.7826
13.7753
13.775
13.7834
13.787
13.7887
13.778
13.7848
13.7791
13.7874
13.7871
13.7807
13.7803
13.7806
13.7917
13.7808
13.7876
13.7878
13.7861
13.7861
13.7862
13.7889
13.7891
13.7934
13.7882
13.7899
13.7921
13.7923
13.7932
13.7954
13.8028
13.8022
13.8066
13.7949
13.7952
13.796
13.8018
13.803
13.8011
13.8064
13.7999
13.8056
13.8066
13.8001
13.8058
13.8003
13.802
13.8088
13.8026
13.8095
13.8078
13.8106
13.8082
13.8035
13.8039
13.8044
13.8051
13.8056
13.8158
13.8079
13.8097
13.8097
13.8107
13.8099
13.8113
13.8117
13.8174
13.812
13.8118
13.8123
13.8122
13.8125
13.8109
13.8124
13.8174
13.8128
13.8133
13.813
13.812
13.8129
13.8141
13.8161
13.8163
13.8147
13.8146
13.8149
13.8175
13.8191
13.8164
13.8251
13.819
13.825
13.8208
13.8223
13.8226
13.8274
13.8221
13.8234
13.8235
13.8247
13.8229
13.8237
13.8249
13.8245
13.8261
13.8249
13.8326
13.828
13.8331
13.8288
13.8288
13.8279
13.8292
13.8294
13.8299
13.8364
13.8302
13.8301
13.8351
13.8285
13.8306
13.8288
13.8541
13.8306
13.832
13.8308
13.8326
13.8324
13.8328
13.8396
13.8329
13.8387
13.832
13.8334
13.84
13.8336
13.8317
13.8338
13.8339
13.8323
13.8343
13.8342
13.8343
13.8346
13.8349
13.8363
13.8363
13.8375
13.8378
13.8401
13.8384
13.8394
13.8384
13.8405
13.8413
13.8418
13.842
13.8399
13.8408
13.8416
13.8425
13.8426
13.8431
13.8431
13.8526
13.846
13.8441
13.8453
13.8703
13.8463
13.8465
13.8455
13.8458
13.846
13.8483
13.8478
13.8484
13.8482
13.8486
13.8487
13.8573
13.8486
13.8563
13.8515
13.8516
13.853
13.8596
13.8513
13.8538
13.8551
13.8615
13.8548
13.8554
13.8578
13.8541
13.8571
13.8575
13.8576
13.8571
13.8572
13.8595
13.8577
13.8579
13.8581
13.858
13.859
13.8673
13.8591
13.861
13.8601
13.8621
13.8607
13.8609
13.8621
13.8693
13.8627
13.8638
13.8641
13.8648
13.8656
13.8649
13.8651
13.868
13.8661
13.8691
13.8679
13.8673
13.875
13.8758
13.876
13.8762
13.8762
13.8764
13.8765
13.8786
13.8786
13.8788
13.8789
13.8797
13.8796
13.8798
13.8735
13.8825
13.8806
13.8808
13.8829
13.883
13.8832
13.8841
13.8835
13.8845
13.8843
13.8778
13.8769
13.8793
13.8863
13.8864
13.8795
13.886
13.8862
13.8871
13.8865
13.8874
13.8802
13.8891
13.8806
13.9047
13.8789
13.8883
13.8876
13.8898
13.89
13.8925
13.8924
13.8854
13.8856
13.8931
13.8886
13.8943
13.8944
13.8863
13.8959
13.8939
13.8962
13.888
13.8876
13.8945
13.888
13.8885
13.8949
13.8958
13.9134
13.8969
13.8918
13.8914
13.9158
13.8935
13.8936
13.8927
13.8945
13.8946
13.8946
13.8981
13.8992
13.9
13.8998
13.9093
13.9037
13.919
13.9231
13.9243
13.9242
13.9244
13.9246
13.9256
13.9257
13.9266
13.9266
13.9267
13.9295
13.9295
13.93
13.93
13.9308
13.9317
13.9321
13.9321
13.9323
13.9327
26.9377
26.939
26.9432
26.9399
26.9416
26.9425
26.9426
26.9474
26.9482
26.9484
26.9481
26.9514
26.9532
26.9534
26.9591
26.9619
26.9622
26.9598
26.9642
26.9615
26.9643
26.9621
26.9646
26.9648
26.9625
26.9652
26.9653
26.9657
26.9661
26.9661
26.9659
26.9665
26.9664
26.9665
26.9665
26.9668
26.9671
26.9668
26.9674
26.9671
26.9672
26.9699
26.9704
26.9706
26.9703
26.9732
26.9711
26.9706
26.9708
26.971
26.9711
26.9743
26.9711
26.9712
26.9746
26.9716
26.975
26.9726
26.9719
26.9721
26.9754
26.9722
26.9725
26.9758
26.9727
26.973
26.9763
26.9729
26.9731
26.9733
26.9734
26.9735
26.9738
26.9744
26.9743
26.9754
26.9744
26.975
26.9747
26.9749
26.9747
26.9751
26.9752
26.9755
26.9756
26.976
26.9759
26.976
26.9762
26.9801
26.9761
26.9765
26.9771
26.9771
26.9772
26.9811
26.9775
26.9779
26.9778
26.9777
26.9777
26.9776
26.9779
26.9777
26.9777
26.978
26.9817
26.9784
26.9785
26.9788
26.9786
26.9788
26.9791
26.9787
26.9791
26.9792
26.9794
26.9793
26.9796
26.9797
26.9798
26.9799
26.9802
26.9802
26.9804
26.9807
26.9805
26.9818
26.9819
26.9821
26.9821
26.9815
26.9819
26.9821
26.9818
26.9817
26.9817
26.9817
26.9824
26.9818
26.9818
26.9827
26.982
26.982
26.982
26.9822
26.9825
26.9826
26.9823
26.9825
26.9829
26.9827
26.9827
26.9831
26.983
26.9829
26.983
26.9828
26.9828
26.983
26.9831
26.983
26.9833
26.9831
26.9882
26.9882
26.9842
26.9835
26.9885
26.9835
26.9836
26.9836
26.9836
26.9888
26.985
26.985
26.99
26.9852
26.9853
26.9902
26.9847
26.9908
26.991
26.986
26.9915
26.9868
26.9866
26.9869
26.9871
26.9871
26.9871
26.9871
26.9968
26.9969
26.9915
26.9879
26.9943
26.9941
26.994
26.9941
26.9942
26.9957
26.9964
26.9965
27.0015
26.9963
27.0017
26.9968
26.997
26.9966
26.9978
26.9975
26.9978
26.9974
26.998
26.9978
26.9978
26.9978
26.9982
26.9988
26.9991
26.9988
26.9992
26.999
27.0045
26.999
26.9992
27.0053
26.9999
26.9995
27.0008
27.0006
27.0002
27.0008
27.0012
27.0014
27.0015
27.0072
27.0001
27.0053
27.0031
27.0031
27.0103
27.0046
27.0105
27.0039
27.0034
27.0057
27.0061
27.0041
27.0059
27.0066
27.007
27.0071
27.0068
27.0065
27.0027
27.0068
27.0068
27.0024
27.0051
27.0057
27.0128
27.0028
27.0038
27.0082
27.0132
27.0063
27.0033
27.0085
27.0063
27.0067
27.008
27.0046
27.0144
27.0087
27.0144
27.0044
27.0074
27.0067
27.0067
27.0099
27.0076
27.0078
27.0082
27.0057
27.0061
27.0085
27.0159
27.0161
27.016
27.0111
27.0065
27.0089
27.0092
27.0071
27.0169
27.0167
27.0169
27.0171
27.0123
27.0081
27.0073
27.01
27.0145
27.0076
27.0135
27.0106
27.0084
27.0085
27.0119
27.012
27.0096
27.0098
27.0099
27.0101
27.012
27.0145
27.0108
27.0103
27.0104
27.0135
27.0207
27.0156
27.0147
27.0112
27.0111
27.0112
27.0216
27.0116
27.0124
27.0148
27.0118
27.0118
27.0132
27.0219
27.0123
27.0152
27.0132
27.0223
27.0155
27.017
27.023
27.0231
27.0136
27.0229
27.0133
27.0134
27.0231
27.0175
27.0237
27.0226
27.0244
27.0234
27.0242
27.019
27.0143
27.0147
27.0174
27.0144
27.0248
27.0252
27.0151
27.0158
27.0253
27.0153
27.0165
27.0256
27.0161
27.025
27.0187
27.0261
27.0162
27.0205
27.0182
27.0191
27.0206
27.0188
27.0172
27.0181
27.0202
27.0191
27.0193
27.0195
27.0194
27.0204
27.022
27.022
27.0207
27.0193
27.0188
27.0203
27.0225
27.021
27.0284
27.0285
27.0288
27.0288
27.0287
27.0289
27.029
27.0291
27.0292
27.0292
27.0292
27.0292
27.0293
27.0295
27.0295
27.0296
27.0295
27.0296
27.0296
27.0297
27.0291
27.0298
27.0292
27.0293
27.0294
27.0294
27.0294
27.0294
27.0295
27.0296
27.0296
27.0297
27.03
27.0298
27.0301
27.0312
27.0302
27.0236
27.0308
27.0237
27.0309
27.0242
27.0245
27.0243
27.0312
27.0314
27.0313
27.0248
27.0249
27.032
27.0254
27.0249
27.0257
27.0263
27.026
27.0266
27.0267
27.0268
27.0264
27.0267
27.0265
27.0269
27.0266
27.0324
27.0269
27.0323
27.0274
27.0326
27.0333
27.0329
27.0332
27.0336
27.0338
27.0341
