2.1
2.14
2.2
2.2
2.2
2.2
2.2
2.2
2.2
2.2
2.21
2.21
2.21
2.22
2.22
2.22
2.22
2.22
2.22
2.23
2.23
2.23
2.23
2.23
2.24
2.24
2.24
2.24
2.24
2.24
2.24
2.24
2.24
2.25
2.25
2.25
2.31
2.34
2.34
2.34
2.36
2.36
2.37
2.37
2.37
2.38
2.38
2.38
2.38
2.38
2.38
2.38
2.38
2.38
2.38
2.38
2.39
2.39
2.39
2.39
2.39
2.39
2.39
2.4
2.4
2.4
2.4
2.4
2.4
2.4
2.4
2.4
2.41
2.41
2.41
2.41
2.41
2.41
2.41
2.41
2.41
2.41
2.42
2.42
2.42
2.42
2.42
2.42
2.42
2.42
2.42
2.42
2.42
2.42
2.43
2.43
2.43
2.43
2.43
2.43
2.43
2.43
2.43
2.43
2.43
2.43
2.43
2.43
2.43
2.43
2.43
2.43
2.43
2.43
2.43
2.44
2.44
2.44
2.44
2.44
2.44
2.44
2.44
2.44
2.44
2.44
2.44
2.44
2.44
2.45
2.45
2.45
2.45
2.45
2.45
2.45
2.45
2.45
2.45
2.45
2.45
2.46
2.46
2.46
2.46
2.46
2.46
2.46
2.46
2.46
2.46
2.46
2.46
2.46
2.46
2.46
2.46
2.46
2.46
2.48
2.48
2.49
2.49
2.49
2.49
2.49
2.49
2.49
2.49
2.49
2.49
2.49
2.49
2.5
2.5
2.5
2.5
2.5
2.5
2.5
2.5
2.5
2.5
2.5
2.5
2.5
2.51
2.51
2.51
2.51
2.51
2.51
2.51
2.51
2.51
2.51
2.51
2.51
2.51
2.51
2.51
2.51
2.51
2.51
2.51
2.51
2.51
2.51
2.51
2.52
2.52
2.52
2.52
2.52
2.52
2.52
2.52
2.52
2.52
2.52
2.52
2.52
2.52
2.52
2.52
2.52
2.52
2.53
2.53
2.53
2.53
2.53
2.53
2.53
2.53
2.53
2.53
2.53
2.53
2.53
2.53
2.53
2.53
2.53
2.53
2.53
2.54
2.54
2.54
2.54
2.54
2.54
2.54
2.54
2.54
2.54
2.54
2.54
2.54
2.54
2.54
2.54
2.55
2.55
2.55
2.55
2.55
2.55
2.55
2.55
2.55
2.55
2.55
2.55
2.55
2.55
2.55
2.56
2.56
2.56
2.56
2.56
2.56
2.56
2.56
2.56
2.56
2.56
2.56
2.56
2.56
2.56
2.56
2.56
2.56
2.56
2.56
2.56
2.56
2.57
2.57
2.57
2.57
2.57
2.57
2.58
2.58
2.58
2.58
2.58
2.58
2.58
2.58
2.58
2.58
2.58
2.58
2.58
2.58
2.58
2.58
2.58
2.58
2.58
2.58
2.58
2.59
2.59
2.59
2.59
2.59
2.59
2.59
2.59
2.59
2.59
2.59
2.59
2.6
2.6
2.6
2.6
2.6
2.6
2.6
2.61
2.61
2.61
2.61
2.61
2.61
2.61
2.61
2.61
2.61
2.61
2.61
2.61
2.62
2.62
2.62
2.62
2.62
2.62
2.62
2.62
2.62
2.62
2.62
2.62
2.62
2.62
2.62
2.62
2.62
2.62
2.62
2.62
2.62
2.62
2.62
2.62
2.62
2.62
2.62
2.62
2.62
2.62
2.62
2.62
2.63
2.63
2.63
2.63
2.63
2.63
2.63
2.63
2.63
2.63
2.64
2.64
2.64
2.64
2.64
2.64
2.64
2.64
2.64
2.64
2.64
2.64
2.64
2.65
2.65
2.65
2.65
2.65
2.65
2.65
2.65
2.65
2.65
2.65
2.66
2.68
2.71
2.71
2.71
2.71
2.71
2.71
2.72
2.72
2.72
2.72
2.72
2.72
2.72
2.72
2.72
2.72
2.73
2.73
2.73
2.73
2.73
2.73
2.73
2.74
2.74
2.74
2.74
2.74
2.74
2.74
2.74
2.74
2.74
2.74
2.74
2.74
2.74
2.74
2.75
2.75
2.75
2.75
2.75
2.75
2.75
2.75
2.75
2.75
2.75
2.75
2.75
2.75
2.75
2.75
2.75
2.75
2.75
2.75
2.75
2.75
2.75
2.75
2.75
2.75
2.75
2.75
2.75
2.76
2.76
2.76
2.76
2.76
2.76
2.76
2.76
2.76
2.76
2.76
2.76
2.76
2.76
2.76
2.76
2.76
2.76
2.76
2.76
2.76
2.76
2.76
2.77
2.77
2.77
2.77
2.77
2.77
2.77
2.77
2.77
2.77
2.77
2.77
2.77
2.77
2.77
2.77
2.77
2.78
2.78
2.78
2.78
2.78
2.78
2.78
2.78
2.78
2.78
2.78
2.79
2.79
2.79
2.79
2.79
2.79
2.79
2.8
2.8
2.8
2.8
2.8
2.8
2.8
2.8
2.8
2.8
2.8
2.8
2.8
2.8
2.8
2.8
2.8
2.8
2.8
2.8
2.8
2.8
2.8
2.8
2.8
2.8
2.8
2.8
2.8
2.8
2.81
2.81
2.81
2.81
2.81
2.81
2.81
2.81
2.81
2.81
2.81
2.81
2.81
2.81
2.81
2.81
2.81
2.81
2.81
2.81
2.81
2.82
2.82
2.82
2.82
2.82
2.82
2.82
2.82
2.82
2.82
2.82
2.82
2.82
2.82
2.82
2.82
2.82
2.82
2.82
2.82
2.82
2.82
2.82
2.82
2.82
2.82
2.83
2.83
2.83
2.83
2.83
2.83
2.83
2.83
2.83
2.83
2.83
2.84
2.84
2.84
2.84
2.84
2.84
2.84
2.84
2.84
2.84
2.84
2.84
2.84
2.84
2.84
2.84
2.84
2.84
2.84
2.84
2.84
2.84
2.84
2.84
2.84
2.84
2.84
2.84
2.84
2.84
2.85
2.85
2.85
2.85
2.85
2.85
2.85
2.85
2.85
2.85
2.85
2.85
2.85
2.85
2.85
2.85
2.85
2.85
2.85
2.85
2.85
2.86
2.86
2.86
2.86
2.86
2.86
2.86
2.86
2.86
2.86
2.86
2.86
2.86
2.86
2.86
2.86
2.86
2.86
2.86
2.86
2.86
2.87
2.87
2.87
2.87
2.87
2.87
2.87
2.87
2.87
2.87
2.87
2.87
2.87
2.87
2.87
2.87
2.87
2.87
2.87
2.87
2.87
2.87
2.87
2.87
2.87
2.87
2.87
2.87
2.87
2.87
2.87
2.87
2.87
2.87
2.88
2.88
2.88
2.88
2.88
2.88
2.88
2.88
2.88
2.88
2.88
2.88
2.88
2.88
2.88
2.88
2.88
2.88
2.88
2.88
2.88
2.88
2.88
2.88
2.88
2.88
2.88
2.88
2.88
2.88
2.88
2.88
2.88
2.88
2.88
2.88
2.88
2.88
2.88
2.88
2.88
2.88
2.89
2.89
2.89
2.89
2.89
2.89
2.89
2.9
2.9
2.9
2.9
2.9
2.9
2.9
2.9
2.9
2.9
2.9
2.9
2.9
2.9
2.9
2.9
2.9
2.9
2.9
2.9
2.91
2.91
2.91
2.91
2.91
2.91
2.92
2.92
2.92
2.92
2.92
2.92
2.92
2.92
2.92
2.92
2.92
2.92
2.92
2.92
2.92
2.92
2.92
2.92
2.92
2.92
2.92
2.92
2.92
2.92
2.92
2.92
2.92
2.92
2.92
2.92
2.92
2.92
2.92
2.92
2.92
2.92
2.92
2.92
2.92
2.92
2.92
2.93
2.93
2.93
2.93
2.93
2.93
2.93
2.93
2.93
2.93
2.93
2.93
2.93
2.94
2.94
2.94
2.94
2.94
2.94
2.94
2.94
2.94
2.94
2.94
2.94
2.94
2.94
2.94
2.94
2.94
2.94
2.94
2.94
2.94
2.94
2.94
2.94
2.94
2.94
2.94
2.94
2.94
2.94
2.94
2.94
2.94
2.94
2.94
2.95
2.95
2.95
2.95
2.95
2.95
2.95
2.95
2.95
2.95
2.95
2.95
2.95
2.95
2.95
2.95
2.95
2.95
2.95
2.95
2.96
2.96
2.96
2.96
2.96
2.96
2.96
2.96
2.96
2.96
2.96
2.96
2.96
2.96
2.96
2.96
2.96
2.96
2.96
2.96
2.96
2.96
2.96
2.96
2.96
2.96
2.96
2.96
2.96
2.96
2.96
2.96
2.96
2.96
2.96
2.97
2.97
2.97
2.97
2.97
2.97
2.97
2.97
2.97
2.97
2.97
2.97
2.97
2.97
2.97
2.97
2.97
2.97
2.97
2.97
2.97
2.97
2.97
2.97
2.97
2.97
2.97
2.97
2.97
2.97
2.97
2.97
2.97
2.97
2.97
2.97
