6.10179
6.10538
6.10659
6.10698
6.10697
6.29046
6.36434
6.365
6.36579
6.36653
6.36865
6.3698
6.37024
6.48113
6.4813
6.48144
6.48171
6.49472
6.49547
6.49573
6.49612
6.49633
6.4964
6.49753
6.49765
6.49957
6.50169
6.50251
6.50269
6.50413
6.50419
6.50423
6.50565
6.50562
6.5805
6.50711
6.50795
6.50794
6.50819
6.50871
6.50941
6.50963
6.51374
6.51468
6.51488
6.5165
6.51679
6.51698
6.51735
6.51735
6.51875
6.53672
6.55104
6.56942
6.57273
6.57842
6.58275
6.58345
6.6129
6.6144
6.61664
6.6181
6.6565
6.6583
6.66528
6.75507
6.75539
6.75613
6.76267
6.76465
6.7647
6.76486
6.7649
6.76565
6.77079
6.77109
6.77872
6.78385
6.78403
6.78407
6.78423
6.78999
6.79001
6.7903
6.79127
6.79151
6.79174
6.80255
6.80439
6.80459
6.80653
6.80683
6.80738
6.80744
6.80893
6.80934
6.81056
6.8113
6.8155
6.80496
6.82258
6.8226
6.82903
6.8295
6.83273
6.83409
6.83496
6.83508
6.83554
6.83632
6.8383
6.83829
6.84093
6.84878
6.85331
6.85354
6.8537
6.85403
6.86044
6.85001
6.88658
6.8525
6.85473
6.8566
6.85968
6.86299
6.86327
6.86869
6.86915
6.87088
6.87123
6.87378
6.87388
6.87408
6.87395
6.87507
6.88341
6.88339
6.89126
6.89152
6.89159
6.89384
6.89771
6.89776
6.89785
6.898
6.89819
6.89818
6.89903
6.89966
6.90168
6.90181
6.90209
6.9095
6.91143
6.91343
6.9135
6.91361
6.91907
6.91918
6.92369
6.95646
6.95663
6.95672
6.95694
6.95696
6.95752
6.95812
6.95876
6.96034
6.96051
6.96354
6.96415
6.96527
6.96577
6.96994
6.97014
6.97034
6.97497
6.97528
6.97556
6.97562
6.97569
6.97765
6.97779
6.98074
6.9814
6.98151
6.9858
6.98987
6.99
6.99018
6.99022
7.00176
7.21149
7.21159
7.21174
7.21198
7.21255
7.32377
7.3241
7.32798
7.32939
7.32956
7.32968
7.33374
7.33467
7.33475
7.33526
7.33621
7.33621
7.33985
7.33991
7.34046
7.34135
7.34126
7.34133
7.34193
7.40652
7.40654
7.40674
7.40789
7.41069
7.47965
7.50069
7.50389
7.50389
7.50402
7.50489
7.50498
7.52194
7.6523
7.56815
7.75217
8.36638
8.28383
8.29746
8.28495
8.2851
8.28582
8.28558
8.25931
8.28608
8.28646
8.28695
8.26072
8.26145
8.37594
8.39276
8.43589
8.43823
8.61423
8.96489
8.97962
9.07773
9.42445
9.83398
9.88533
9.92275
10.6153
11.0786
11.3114
11.3136
11.3138
11.346
11.3463
11.3492
11.3496
11.3503
11.3503
11.3638
11.3704
11.3704
11.3749
11.3754
11.378
11.3778
11.3795
11.381
11.3809
11.3816
11.3816
11.3821
11.3822
11.3827
11.3837
11.3839
11.3853
11.3882
11.3906
11.3911
11.392
11.3927
11.3955
11.3958
11.3981
11.3979
11.4
11.4299
11.4335
11.4351
11.4397
11.4397
11.4411
11.4413
11.4421
11.442
11.4443
11.4443
11.4446
11.4446
11.4505
11.4518
11.4528
11.4574
11.4694
11.4577
11.4589
11.4591
11.4619
11.4621
11.464
11.4693
11.4695
11.4698
11.4444
11.4727
11.4733
11.4744
11.4817
11.4819
11.4859
11.4864
11.4881
11.4895
11.4894
11.4943
11.4951
11.4955
11.4955
11.4956
11.4958
11.5042
11.5062
11.5072
11.5071
11.5124
11.5123
11.5124
11.5128
11.5134
11.5257
11.5286
11.5292
11.537
11.5379
11.539
11.5384
11.5397
11.5433
11.5449
11.5458
11.5458
11.546
11.5465
11.5465
11.5465
11.5463
11.5484
11.5484
11.5487
11.549
11.5498
11.55
11.55
11.5504
11.551
11.5572
11.5576
11.5575
11.5578
11.5666
11.5668
11.5678
11.5676
11.568
11.5682
11.568
11.5776
11.5785
11.5791
11.5794
11.5797
11.5806
11.5809
11.5811
11.5826
11.5835
11.583
11.5831
11.5837
11.5834
11.5864
11.5863
11.5871
11.5872
11.5867
11.5876
11.5875
11.5876
11.5878
11.589
11.5885
11.5894
11.6326
11.6354
11.6346
11.6353
11.6365
11.677
11.6837
11.6838
11.684
11.6838
11.6856
11.6859
11.6863
11.6873
11.6871
11.6871
11.687
11.6928
11.6929
11.6932
11.6932
11.6933
11.6927
11.6935
11.6938
11.7051
11.7049
11.7053
11.7056
11.7056
11.7057
11.7058
11.7064
11.7062
11.7069
11.7065
11.7091
11.7091
11.7091
11.7092
11.7095
11.7098
11.7132
11.7138
11.7145
11.719
11.7206
11.7207
11.721
11.7205
11.7218
11.722
11.7225
11.7436
11.7445
11.7444
11.7441
11.7507
11.7503
11.7497
11.7508
11.7508
11.7519
11.752
11.7519
11.7557
11.7574
11.757
11.7577
11.7599
11.7612
11.7611
11.7616
11.7614
11.7618
11.7616
11.7611
11.7624
11.7669
11.7672
11.7664
11.7691
11.7715
11.773
11.7727
11.7734
11.7749
11.775
11.7756
11.7798
11.7795
11.7823
11.7816
11.7828
11.784
11.7839
11.7845
11.7893
11.7902
11.7904
11.7911
11.7907
11.7911
11.7913
11.7927
11.7958
11.7966
11.7996
11.7991
11.7999
11.8
11.8002
11.8041
11.8055
11.8047
11.8081
11.8109
11.8114
11.8113
11.8127
11.8134
11.8147
11.8155
11.8149
11.8159
11.8168
11.8204
11.8195
11.8208
11.8203
11.8485
11.8238
11.8239
11.828
11.8287
11.8317
11.8314
11.8322
11.8315
11.8353
11.8367
11.8363
11.8358
11.8374
11.8371
11.8382
11.8376
11.8377
11.8161
11.8417
11.8449
11.8459
11.8483
11.849
11.849
11.8492
11.8491
11.8585
11.8627
11.864
11.864
11.8469
11.871
11.8718
11.8801
11.8799
11.88
11.8808
11.8826
11.8826
11.8829
11.889
11.8893
11.8892
11.8893
11.8925
11.8922
11.8925
11.8933
11.8937
11.8968
11.8984
11.8773
11.9051
11.9085
11.9088
11.9095
11.9109
11.9101
12.0089
12.0088
11.9175
11.9179
11.9182
12.0134
11.8976
11.9012
11.9263
11.9268
11.9325
11.932
11.9088
11.9095
11.9342
11.9343
11.9114
12.0304
11.9352
12.0307
11.912
11.912
11.9393
11.94
11.9401
11.9196
12.0393
11.9204
11.9206
12.0396
12.0395
11.9453
12.0409
12.0411
11.928
11.9286
12.0481
12.0544
11.959
11.9354
12.0543
12.0549
12.0551
12.0545
11.9364
11.9365
12.0553
12.0557
12.0556
12.055
11.9373
12.0558
12.0568
12.0569
12.0588
12.0638
12.0635
12.065
12.0678
12.0693
11.9507
12.0696
12.0699
12.0698
12.0701
12.0698
12.0703
12.0699
11.8574
12.0706
12.0704
12.0815
12.0811
12.081
12.0822
12.0818
12.0815
12.0827
12.0816
12.0817
12.084
12.084
11.8737
12.0843
12.0867
12.0867
12.0873
12.0879
12.0872
12.0873
12.0881
12.0878
12.0878
12.0885
11.9946
11.9953
12.0909
11.996
12.0907
12.0914
12.0902
12.0904
12.0905
12.0908
12.091
12.0912
12.0911
12.0917
12.0911
12.0915
12.0934
12.0962
12.0945
12.0957
12.0961
12.0958
11.981
11.9944
12.1017
12.1009
12.0068
12.1024
11.9841
12.1027
12.1027
12.103
12.104
12.0181
11.9981
12.1172
12.0227
12.1173
11.9045
11.999
11.9994
12.0232
12.1181
12.0233
12.0235
12.1193
12.0246
12.001
12.0258
12.1197
12.0015
12.0017
12.0255
12.1219
12.1222
12.1227
12.004
12.0278
12.1224
12.1229
12.005
12.1241
12.1303
12.1311
12.0125
12.1312
12.1318
12.1316
12.1318
12.0139
12.1323
12.1321
12.1369
12.1381
12.1376
12.1372
12.1376
12.0196
12.1369
12.1384
12.1381
12.1377
12.1395
12.1409
12.14
12.141
12.1403
12.1411
12.1412
12.1411
12.1411
12.1424
12.1421
12.1428
12.1426
12.1418
12.1419
12.1425
12.1433
12.1447
12.143
12.1427
12.1433
12.0499
12.1436
12.1441
12.1443
12.1455
12.0274
12.1448
12.145
12.1452
12.1481
12.1486
12.1494
12.1495
12.1496
12.1499
12.1504
12.1604
12.1602
12.1604
12.0683
12.0686
12.071
12.0705
12.0714
12.0717
12.0716
12.0716
12.0719
12.0715
12.0718
12.0721
12.0723
12.0752
12.076
12.0761
12.0778
12.0789
12.0893
12.0902
12.0928
12.192
12.4182
12.5366
12.5368
12.4204
12.5383
12.5404
12.5406
12.539
12.543
12.5455
12.5451
12.5451
12.5499
12.5507
12.5512
12.5512
12.5528
12.5533
12.5565
12.5573
12.559
12.5589
12.5609
12.5596
12.5631
12.4697
12.5642
12.5657
12.5666
12.5672
12.57
12.5683
12.5686
12.5721
12.5727
12.5726
12.4795
12.5732
12.461
12.4611
12.5827
12.5864
12.5873
12.5877
12.5877
12.588
12.5889
12.5887
12.5916
12.5925
12.5985
12.6006
12.5994
12.6018
12.6028
12.6033
12.6047
12.6045
12.6052
12.6051
12.6051
12.6051
12.6058
12.6071
12.6142
12.6147
12.6159
12.6148
12.6154
12.6159
12.6181
12.6179
12.6187
12.6195
12.6189
12.619
12.6245
12.6253
12.6265
12.6264
12.6276
12.6273
12.6265
12.6286
12.6297
12.6335
12.6335
12.6338
12.6338
12.6337
12.6336
12.6339
12.6337
12.6337
12.635
12.6348
12.6371
12.6371
12.6373
12.6393
12.6402
12.641
12.6416
12.6408
12.6418
12.6427
12.6431
12.6427
12.6431
12.6439
12.6448
12.6549
12.6546
12.6543
12.6546
12.6547
12.6571
12.6638
12.6644
12.6655
12.6659
12.6665
12.6669
12.6672
12.6703
12.6672
12.6671
12.6683
12.6684
12.6683
12.6687
12.6697
12.6698
12.6716
12.6725
12.6755
12.6757
12.676
12.6758
12.6782
12.6774
12.6777
12.6786
12.6778
12.6774
12.6777
12.6792
12.6787
12.678
12.6784
12.679
12.6783
12.6789
12.6792
12.6792
12.6794
12.563
12.6798
12.6832
12.6836
12.6848
12.6844
12.6849
12.6858
12.6868
12.6862
12.6853
12.6864
12.6875
12.6865
12.6872
12.6868
12.6864
12.6881
12.6892
12.6894
12.6901
12.6899
12.6895
12.6904
12.6929
12.6918
12.6917
12.6938
12.6953
12.695
12.6971
12.697
12.6972
12.6971
12.6968
12.6971
12.6975
12.6979
12.6975
12.6987
12.7038
12.7038
12.7038
12.7047
12.7055
12.7057
12.7054
12.7055
12.7054
12.7049
12.7054
12.7063
12.7075
12.7072
12.7105
12.7071
12.7091
12.7174
12.7165
12.717
12.7183
12.7199
12.7223
12.7242
12.733
12.7327
12.7394
12.7403
12.7484
12.7483
12.749
12.7499
12.7505
12.7495
12.7529
12.7552
12.7545
12.7552
12.7564
12.7568
12.7578
12.7575
12.7586
12.7591
12.7592
12.7589
12.7589
12.7589
12.7606
12.76
12.7606
12.7604
12.7613
12.7607
12.7624
12.7628
12.7641
12.7645
12.764
12.7641
12.7657
12.7665
12.766
12.7689
12.7721
12.773
12.7734
12.7739
12.7747
12.7744
12.7758
12.7758
12.7906
12.791
12.793
12.7911
12.7931
12.7921
12.7963
12.7941
12.7935
12.795
12.795
12.799
12.7991
12.7991
12.7976
12.7997
12.7982
12.7985
12.7987
12.7993
12.7996
12.8033
12.8047
12.803
12.8049
12.8053
12.804
12.8042
12.86
12.8607
12.8609
12.8608
12.8623
12.8618
12.8664
12.8665
12.8672
12.8698
12.8699
12.8711
12.8712
12.8717
12.8705
12.8723
12.8734
12.8735
12.8757
12.8759
12.8774
12.8814
12.878
12.878
12.881
12.8925
12.8954
12.8955
12.8962
12.8962
12.8998
12.8978
12.9086
12.9303
12.9302
12.9353
12.9357
12.9372
12.9379
12.9382
12.9395
12.9397
12.9398
12.9423
12.9425
12.9428
12.9509
12.9531
12.9624
12.9617
12.9673
12.9721
12.9722
12.9708
12.9773
12.9772
12.9761
12.989
12.9895
12.9894
12.9903
12.9901
12.9912
12.9918
12.994
12.9986
12.9962
12.9982
12.9967
12.9982
12.9983
13.0004
13.0035
13.0043
13.0055
13.0076
13.0068
13.0066
13.0096
13.0085
13.0125
13.0158
13.0158
13.0163
13.0198
13.0247
13.0205
13.0206
13.0236
13.0241
13.0252
13.0265
13.0273
13.0287
13.0286
13.0339
13.0349
13.0362
13.0364
13.0385
13.0396
13.0393
13.0449
13.0455
13.0466
13.0478
13.0541
13.0572
13.0574
13.0578
13.0582
13.0606
13.0599
13.0604
13.0602
13.0611
13.0626
13.0636
13.0686
13.0712
13.0713
13.0723
13.0728
13.0777
13.0772
13.0795
13.0804
13.0812
13.0812
13.0816
13.0882
13.0882
13.0891
13.0963
13.1018
13.1021
13.1016
13.1015
13.1042
13.1046
13.1042
13.1042
13.1051
13.1064
13.1168
13.1179
13.1175
13.1175
13.1179
13.1186
13.1184
13.1181
13.1187
13.1212
13.1207
13.1204
13.121
13.1211
13.1282
13.1289
13.129
13.1288
13.1289
13.1295
13.1298
13.1297
13.1346
13.1349
13.1358
13.1348
13.1349
13.141
13.1411
13.1415
13.1417
13.1423
13.1485
13.1486
13.1485
13.1485
13.1536
13.1553
13.1557
13.1557
13.1557
13.1573
13.1574
13.1635
13.1634
13.1635
13.1636
13.1638
13.1671
13.1683
13.1717
13.1946
13.1953
13.1939
13.1941
13.1941
13.1941
13.1941
13.195
13.1928
13.1941
13.193
13.2058
13.208
13.2081
13.2216
13.2218
13.2274
13.2276
13.231
13.2311
13.2354
13.2389
13.2401
13.2405
13.2408
13.2414
13.2416
13.2408
13.2421
13.242
13.2456
13.242
13.242
13.242
13.2423
13.2419
13.2421
13.2419
13.2468
13.2446
13.2504
13.2543
13.2555
13.2797
13.2799
13.2839
13.2812
13.2819
13.2814
13.2815
13.2823
13.2824
13.2958
13.0988
13.2964
13.314
13.3148
13.3161
13.3146
13.3151
13.3175
13.3159
13.3157
13.3157
13.3157
13.3213
13.316
13.3161
13.3162
13.3169
13.317
13.3191
13.3178
13.318
13.3231
13.325
13.3252
13.3254
13.3259
13.3253
13.3267
13.3271
13.3302
13.3315
13.3312
13.3312
13.3314
13.332
13.3322
13.3367
13.3363
13.3363
13.3433
13.3439
13.3436
13.3436
13.349
13.3495
13.3506
13.3529
13.3534
13.3605
13.3606
13.3604
13.3604
13.3661
13.3661
13.3674
13.3672
13.3694
13.3692
13.3704
13.3715
13.3779
13.3846
13.3797
13.3819
13.3817
13.3829
13.3827
13.3833
13.3829
13.3834
13.3869
13.387
13.3885
13.3885
13.3962
13.3965
13.3972
13.3976
13.3978
13.3976
13.3996
13.401
13.4009
13.4013
13.4075
13.4074
13.4154
13.4154
13.4156
13.4191
13.4195
13.4199
13.4228
13.4259
13.4307
13.4308
13.4329
13.4341
13.4514
13.453
13.4531
13.4532
13.4539
13.4565
13.4575
13.4583
13.4618
13.4586
13.4587
13.4587
13.4589
13.4609
13.465
13.4693
13.4694
13.4694
13.471
13.4755
13.4758
13.4761
13.477
13.4777
13.4779
13.4781
13.4863
13.4866
13.468
13.4284
13.4944
13.4958
13.4951
13.4372
13.5022
13.5089
13.5057
13.509
13.5063
13.506
13.4435
13.5145
13.5114
13.5156
13.516
13.5159
13.5159
13.4531
13.5257
13.4601
13.5258
13.5229
13.5261
13.4493
13.5261
13.5236
13.5237
13.45
13.5282
13.4527
13.5267
13.4541
13.531
13.5307
13.5307
13.534
13.5307
13.5308
13.5321
13.5322
13.5295
13.5323
13.5322
13.5325
13.5324
13.5323
13.5321
13.5325
13.5325
13.5325
13.5344
13.5387
13.5387
13.539
13.5389
13.5373
13.5399
13.5398
13.5395
13.5382
13.5426
13.5437
13.4805
13.4818
13.4819
13.5481
13.4833
13.5496
13.5505
13.5514
13.4745
13.5528
13.5527
13.5528
13.5535
13.4766
13.5544
13.5546
13.5582
13.5583
13.5598
13.5611
13.561
13.5607
13.5607
13.5615
13.5618
13.5624
13.563
13.563
13.5642
13.5655
13.5652
13.5672
13.5679
13.5694
13.5698
13.5732
13.582
13.5819
13.5829
13.5833
13.5838
13.585
13.585
13.585
13.5853
13.5865
13.5862
13.5866
13.5864
13.5887
13.5895
13.5895
13.5916
13.6047
13.8304
13.8305
13.852
13.8522
13.8571
13.8575
13.8599
13.8591
13.86
13.8593
13.8598
13.8604
13.8646
13.8794
13.8795
13.8872
13.884
13.8946
13.9016
13.9095
13.9211
13.9213
13.9214
13.9219
13.9218
13.9219
13.922
13.922
13.922
13.9221
13.9222
13.9227
13.9229
13.9226
13.9317
13.9363
13.9373
13.937
13.9395
13.9399
13.8661
13.9401
13.8703
13.9464
13.8759
13.9501
13.8768
13.8769
13.9513
13.8892
13.892
13.8809
13.8811
13.8846
13.8846
13.889
13.8962
13.9729
13.9003
13.8999
13.9021
13.9096
13.9097
13.9099
13.9849
13.9103
13.9869
13.9173
13.9179
13.8794
13.8821
13.9214
13.8821
13.9965
13.9209
13.8826
13.8827
13.9216
14.0006
14.0008
14.0009
14.0049
14.0062
14.0063
14.0108
14.0156
13.9127
13.913
14.0273
13.9131
14.0274
14.0288
14.0289
13.9149
14.0292
13.9151
13.9152
13.917
14.0307
13.9167
13.9169
13.9171
13.9231
14.0425
14.0426
13.9301
13.9838
13.9334
13.9736
13.9732
14.0523
14.0524
14.0674
13.9539
14.0677
14.0677
13.9549
14.0718
13.9597
14.0737
14.0739
14.0749
14.075
14.0749
14.0849
14.0851
13.9715
14.0858
14.0866
13.9744
14.067
14.0881
13.9749
14.0914
13.98
14.0938
14.02
14.0208
13.9823
14.0958
14.096
14.0377
13.9873
14.0641
14.0374
13.9988
14.0382
14.0381
14.1125
14.0499
14.0501
14.039
14.0392
13.9999
14
14.0019
14.0414
14.0028
14.0033
14.0031
14.0431
14.0055
14.0148
14.0151
14.0151
14.015
14.0154
14.0154
14.0256
14.0257
14.0287
14.0307
14.0308
14.031
14.0321
14.0336
14.0336
14.0336
14.0844
14.0338
14.1486
14.1476
14.0339
14.0342
14.0341
14.0348
14.0354
14.0366
14.0361
14.0369
14.0376
14.0376
14.0377
14.0378
14.0497
14.0496
14.0499
14.0497
14.0499
14.1638
14.05
14.0507
14.0502
14.0508
14.0508
14.0508
14.107
14.1698
14.0561
14.0581
14.0591
14.064
14.0635
14.1077
14.0683
14.0677
14.0698
14.0716
14.0712
14.0723
14.0728
14.1888
14.0752
14.0753
14.0749
14.075
14.0773
14.0772
14.0791
14.1945
14.0811
14.0812
14.0816
14.1211
14.1982
14.0822
14.0822
14.0827
14.0836
14.0851
14.0866
14.0887
14.2051
14.0905
14.0893
14.094
14.133
14.0938
14.0933
14.0937
14.0951
14.0953
14.0969
14.0972
14.0987
14.0986
14.0987
14.1105
14.1108
14.111
14.1116
14.1111
14.1118
14.1165
14.1163
14.2375
14.1218
14.121
14.1221
14.1268
14.1264
14.1279
14.2428
14.1277
14.1321
14.1308
14.1322
14.1329
14.137
14.1442
14.1445
14.2608
14.1462
14.1469
14.1469
14.1462
14.1469
14.1473
14.1464
14.1493
14.1509
14.1505
14.2672
14.1514
14.1526
14.2689
14.2691
14.1524
14.157
14.1579
14.1585
14.275
14.1588
14.1598
14.2011
14.1648
14.1647
14.1663
14.1682
14.1683
14.168
14.1811
14.183
14.1827
14.1838
14.1841
14.1849
14.1848
14.1916
14.1947
14.1959
14.1981
14.2018
14.2014
14.2014
14.2049
14.2049
14.2053
14.2052
14.2054
14.2067
14.2067
14.2077
14.2087
14.2128
14.2139
14.215
14.2175
14.2177
14.2179
14.2205
14.2206
14.2208
14.2209
14.2211
14.2255
14.2264
14.2263
14.2272
14.2315
14.2317
14.2339
14.235
14.2354
14.2355
14.2352
14.236
14.2359
14.2437
14.2468
14.2472
14.2479
14.2495
14.2512
14.2541
14.254
14.2543
14.255
14.2566
14.2572
14.2575
14.2583
14.2596
14.2617
14.2625
14.266
14.2656
14.267
14.2693
14.2689
14.2699
14.2699
14.2698
14.2693
14.2699
14.2696
14.2702
14.2699
14.27
14.2712
14.2771
14.2767
14.2766
14.2779
14.2766
14.2766
14.2771
14.2772
14.2776
14.2782
14.2779
14.2778
14.4
14.2824
14.284
14.2858
14.2858
14.2865
14.2874
14.286
14.2869
14.2881
14.2883
14.2874
14.2894
14.2903
14.2897
14.2899
14.2897
14.2916
14.2504
14.2925
14.2961
14.2549
14.2965
14.2962
14.4148
14.258
14.2581
14.2646
14.3069
14.2669
14.3084
14.3073
14.3094
14.269
14.3102
14.2713
14.3137
14.3141
14.3144
14.3164
14.3182
14.277
14.3177
14.332
14.3331
14.3322
14.3322
14.3011
14.3424
14.3433
14.3034
14.3492
14.3493
14.3081
14.3099
14.3532
14.313
14.3597
14.3612
14.4258
14.3911
14.4314
14.3915
14.3915
14.433
14.4317
14.4319
14.4332
14.3925
14.3949
14.3968
14.397
14.4426
14.4439
14.4449
14.4451
14.4043
14.4042
14.4234
14.4104
14.4101
14.4111
14.4556
14.4576
14.4169
14.4603
14.4603
14.4712
14.4303
14.4312
14.4312
14.4722
14.4354
14.4759
14.4768
14.4764
14.4772
14.4786
14.4406
14.4827
14.4834
14.4848
14.4446
14.4854
14.4853
14.4868
14.4874
14.449
14.4488
14.449
14.4491
14.4493
14.4906
14.4936
14.4566
14.4567
14.5085
14.5077
14.4679
14.5089
14.4687
14.4688
14.4695
14.5245
14.5258
14.5276
14.5287
14.4909
14.497
14.5013
14.5433
14.5025
14.5053
14.5492
14.5079
14.509
14.5505
14.5514
14.5097
14.5098
14.5516
14.552
14.5103
14.5107
14.5121
14.5545
14.5548
14.5553
14.5152
14.5566
14.5696
14.5692
14.5282
14.5746
14.5845
14.5861
14.5454
14.5998
14.5999
14.6008
14.602
14.6021
14.6036
14.5633
14.6042
14.564
14.6055
14.5642
14.5644
14.6051
14.5677
14.5677
14.6095
14.5698
14.5695
14.5696
14.5727
14.5736
14.5733
14.6163
14.5755
14.6166
14.6195
14.6201
14.6213
14.5816
14.5817
14.6042
14.6084
14.6527
14.6125
14.6196
14.6194
14.6216
14.6308
14.6319
14.6321
14.6321
14.675
14.6343
14.6345
14.6772
14.6378
14.638
14.6388
14.6428
14.6428
14.6433
14.6433
14.6844
14.6437
14.6437
14.6486
14.6501
14.6502
14.6506
14.651
14.6506
14.6508
14.6513
14.6539
14.6536
14.6542
14.6543
14.6572
14.663
14.6631
14.6631
14.6632
14.6643
14.6641
14.6639
14.6644
14.6657
14.6735
14.6727
14.674
14.6741
14.6737
14.6834
14.6844
14.6848
14.6864
14.7286
14.6885
14.6888
14.6906
14.6914
14.6909
14.6931
14.7469
14.7073
14.7073
14.7079
14.7078
14.7097
14.7139
14.7147
14.7149
14.7155
14.716
14.716
14.7167
14.718
14.7194
14.7195
14.7204
14.7203
14.721
14.7238
14.7254
14.7255
14.7666
14.7254
14.7262
14.7269
14.7276
14.7328
14.7329
14.7344
14.7388
14.7394
14.7383
14.7397
14.7397
14.7409
14.7421
14.7423
14.7421
14.7431
14.7424
14.7423
14.7425
14.7482
14.7484
14.7502
14.7503
14.7487
14.751
14.7512
14.7507
14.7527
14.7604
14.7603
14.7598
14.7609
14.7612
14.7617
14.7617
14.7611
14.7642
14.7673
14.7693
14.7694
14.7693
14.771
14.7746
14.775
14.7754
14.7774
14.7755
14.7777
14.7776
14.7792
14.7778
14.7779
14.7802
14.7801
14.7789
14.7796
14.7798
14.781
14.7823
14.7811
14.8019
14.7933
14.7938
14.7938
14.7928
14.7929
14.7931
14.7947
14.7982
14.7978
14.7992
14.7699
14.77
14.8036
14.7711
14.8023
14.8025
14.8046
14.8035
14.8039
14.8094
14.8075
14.7766
14.8354
14.8079
14.777
14.8093
14.7772
14.8107
14.812
14.8131
14.8211
14.8219
14.8241
14.7919
14.792
14.8239
14.7951
14.8282
14.8278
14.8345
14.843
14.8433
14.8446
14.8163
14.8483
14.8489
14.8519
14.8516
14.8202
14.8536
14.859
14.8589
14.8286
14.8833
14.8849
14.8853
14.8619
14.8626
14.8951
14.8972
14.897
14.8962
14.8975
14.9028
14.8728
14.9082
14.9147
14.9176
14.9178
14.9198
14.9214
14.923
14.8912
14.9246
14.9256
14.8982
14.9324
14.9008
14.9025
14.935
14.9376
14.9128
14.9453
14.9149
14.9697
14.9755
14.9753
14.9474
14.9789
14.9799
14.9496
14.9876
14.9866
14.9877
14.9555
14.9899
14.9593
14.9609
14.993
15.0022
15.0024
15.1632
14.9778
14.9795
15.0153
14.9844
15.0163
14.9896
14.9926
14.9941
15.0003
15.0034
15.0381
15.0058
15.0401
15.0082
15.0409
15.0085
15.0412
15.0417
15.0102
15.0421
15.0429
15.0435
15.0449
15.0445
15.0138
15.0139
15.0143
15.0291
15.0612
15.0473
15.0475
15.0483
15.0485
15.0491
15.0488
15.0512
15.0508
15.0529
15.053
15.0536
15.053
15.0546
15.0554
15.0552
15.0554
15.056
15.057
15.0567
15.0582
15.0587
15.0583
15.0598
15.0595
15.0607
15.0613
15.0624
15.0627
15.0663
15.0707
15.0715
15.0728
15.0737
15.0729
15.0739
15.0773
15.0777
15.0774
15.078
15.0781
15.1103
15.0791
15.111
15.0828
15.0839
15.0845
15.0841
15.0848
15.0847
15.0869
15.0868
15.0872
15.0864
15.0869
15.0903
15.0903
15.0901
15.0908
15.0909
15.0909
15.0906
15.0903
15.0905
15.0909
15.0913
15.1239
15.0927
15.0925
15.0935
15.0953
15.099
15.0987
15.1311
15.0987
15.1343
15.1023
15.1024
15.1033
15.1032
15.1053
15.1061
15.1063
15.1067
15.1091
15.1089
15.1114
15.1117
15.1138
15.1141
15.1148
15.1147
15.1162
15.1158
15.1155
15.1164
15.1174
15.1163
15.1206
15.1204
15.1197
15.1198
15.1251
15.1394
15.1439
15.1437
15.1431
15.1451
15.1439
15.1452
15.1445
15.1454
15.1457
15.1478
15.1478
15.1814
15.1505
15.1491
15.1827
15.1519
15.1538
15.1871
15.1553
15.1567
15.1568
15.1578
15.1578
15.1602
15.1693
15.1679
15.1729
15.1747
15.1764
15.1758
15.1766
15.1767
15.1766
15.1783
15.177
15.1785
15.1791
15.1794
15.1788
15.179
15.1792
15.1802
15.1804
15.1843
15.1857
15.1865
15.186
15.1863
15.1875
15.1876
15.1888
15.1904
15.1898
15.1957
15.196
15.197
15.1969
15.1992
15.2006
15.1992
15.2012
15.2225
15.2214
15.2212
15.2215
15.2214
15.2214
15.223
15.2311
15.2311
15.2311
15.2331
15.234
15.234
15.2342
15.2343
15.2406
15.2429
15.2467
15.2483
15.2524
15.2512
15.2531
15.2544
15.2543
15.2545
15.2579
15.2602
15.2593
15.2593
15.2597
15.3033
15.2763
15.2774
15.2823
15.3161
15.2827
15.2837
15.2919
15.299
15.3005
15.3003
15.3024
15.3045
15.3046
15.3066
15.3058
15.3058
15.3115
15.3128
15.3131
15.316
15.3172
15.3227
15.3225
15.3228
15.3235
15.3276
15.332
15.3656
15.332
15.3343
15.3332
15.3335
15.3342
15.3345
15.3352
15.3375
15.3375
15.3563
15.3571
15.3566
15.3638
15.375
15.3758
15.3752
15.3778
15.379
15.3783
15.379
15.379
15.3786
15.3789
15.379
15.3794
15.3806
15.3806
15.3821
15.3821
15.386
15.3862
15.3894
15.3898
15.3916
15.3917
15.392
15.4676
15.3929
15.393
15.3937
15.395
15.3953
15.3953
15.3958
15.3973
15.3995
15.3997
15.4007
15.4007
15.4013
15.4015
15.4016
15.4018
15.403
15.4196
15.4928
15.4952
15.4952
15.6954
15.4974
15.4974
15.4976
15.4984
15.4995
15.5104
15.5148
15.5149
15.5184
15.5193
15.5193
15.5196
15.5228
15.5228
15.5242
15.5315
15.5362
15.5363
15.5365
15.5366
15.5367
15.5372
15.5397
15.5407
15.5407
15.5456
15.5453
15.5455
15.5457
15.5455
15.5463
15.5488
15.5488
15.5509
15.5509
15.5536
15.5871
15.5872
15.5873
15.589
15.5892
15.6024
15.6025
15.6029
15.6042
15.6057
15.6068
15.607
15.6082
15.6095
15.6095
15.6176
15.6212
15.6226
15.6226
15.6227
15.6248
15.6248
15.6248
15.6261
15.6273
15.6274
15.6276
15.6285
15.6287
15.6287
15.6289
15.629
15.629
15.6291
15.6293
15.6296
15.6296
15.6303
15.633
15.633
15.6334
15.634
15.635
15.6351
15.6374
15.6623
15.6692
15.6702
15.6737
15.6726
15.6734
15.6729
15.6728
15.6728
15.6729
15.673
15.6766
15.6822
15.6822
15.6823
15.6824
15.6864
15.6883
15.6886
15.6942
15.6952
15.6962
15.6962
15.6985
15.72
15.7202
15.7202
15.7207
15.7661
15.7681
15.7683
15.7701
15.7723
15.7724
15.7727
15.7793
15.7892
15.7903
15.7906
15.7912
15.7924
15.7926
15.7935
15.7929
15.795
15.7959
15.7962
15.7991
15.8003
15.8018
15.8025
15.8034
15.8113
15.8138
15.828
15.8285
15.829
15.8303
15.8295
15.8301
15.8302
15.8313
15.8316
15.8317
15.8318
15.8322
15.8347
15.8349
15.8351
15.8352
15.8367
15.837
15.8371
15.8368
15.8374
15.8372
15.8392
15.8383
15.8385
15.8386
15.8389
15.8388
15.839
15.8393
15.8418
15.8463
15.8465
15.8476
15.8473
15.8477
15.8479
15.848
15.8509
15.8519
15.8522
15.8533
15.8569
15.8583
15.8578
15.8638
15.8621
15.8623
15.8673
15.8883
15.8893
15.9328
15.9386
15.9377
15.9382
15.9405
15.9408
15.9418
15.9423
15.9418
15.9422
15.9423
15.9429
15.9433
15.9435
15.9464
15.9468
15.9543
15.9547
15.9545
15.955
15.9553
15.9567
15.9568
15.9568
15.9579
15.9572
15.9574
15.9763
15.9851
15.9855
15.9854
15.9858
15.9871
15.9865
15.9871
15.9873
15.9887
15.9882
15.9892
15.9919
15.9924
15.9924
15.9914
15.9915
15.9938
16.01
16.01
16.0111
16.0096
16.1038
16.1047
16.1043
16.104
16.1026
16.1027
16.1027
16.1025
16.103
16.1031
16.1051
16.1037
16.1038
16.1037
16.1043
16.1039
16.1038
16.104
16.104
16.1039
16.1042
16.1039
16.1041
16.1042
16.1042
16.1046
16.1045
16.1047
16.1052
16.1053
16.1053
16.1055
16.1058
16.1419
16.1423
16.1423
16.1452
16.1464
16.1454
16.1571
16.1572
16.1582
16.1616
16.1624
16.1625
16.167
16.1672
16.1728
16.1731
16.1735
16.1734
16.1735
16.1734
16.1772
16.1888
16.1883
16.1888
16.1925
16.1939
16.194
16.1935
16.1938
16.1962
16.2005
16.2007
16.2013
16.201
16.2021
16.2021
16.2036
16.204
16.2036
16.2055
16.2052
16.2063
16.2067
16.207
16.2076
16.2112
16.2109
16.2118
16.2128
16.2135
16.2134
16.2142
16.2142
16.2162
16.216
16.2169
16.2166
16.2172
16.2171
16.2202
16.2238
16.2244
16.2254
16.2261
16.2256
16.2256
16.2265
16.226
16.226
16.2296
16.2296
16.231
16.2307
16.2308
16.2342
16.2328
16.2333
16.2333
16.234
16.2339
16.2351
16.2365
16.2366
16.2365
16.2366
16.2367
16.237
16.2375
16.2379
16.2386
16.24
16.2402
16.2411
16.2409
16.2413
16.2413
16.2418
16.243
16.2437
16.2435
16.244
16.2464
16.2466
16.2466
16.2468
16.2459
16.2459
16.2462
16.2475
16.25
16.257
16.2572
16.2575
16.2607
16.2616
16.2669
16.2629
16.2631
16.263
16.2632
16.2631
16.2643
16.2642
16.264
16.2644
16.2646
16.2658
16.2654
16.2675
16.2675
16.2677
16.2673
16.2693
16.3149
16.3146
16.3154
16.3156
16.3249
16.3259
16.3288
16.3289
16.3296
16.3292
16.3301
16.3319
16.3322
16.3319
16.3329
16.3332
16.3352
16.3423
16.3439
16.3448
16.345
16.3448
16.3435
16.3456
16.345
16.3452
16.3454
16.3457
16.346
16.3474
16.3474
16.3488
16.3516
16.3497
16.3536
16.3535
16.3571
16.3582
16.3602
16.3603
16.3601
16.3603
16.3604
16.3622
16.3657
16.3663
16.3698
16.3697
16.368
16.3756
16.3751
16.3752
16.375
16.3772
16.3766
16.3763
16.3778
16.379
16.3808
16.3787
16.3814
16.3812
16.3817
16.3827
16.383
16.3831
16.3969
16.4009
16.4037
16.4026
16.4031
16.4027
16.4037
16.4084
16.4105
16.4108
16.4105
16.4099
16.4097
16.4112
16.4084
16.4086
16.4175
16.4131
16.4142
16.4119
16.4135
16.4117
16.418
16.4241
16.4157
16.422
16.4189
16.4202
16.4203
16.4268
16.4268
16.4208
16.4279
16.4261
16.4293
16.4211
16.4299
16.4299
16.4212
16.4215
16.4237
16.4296
16.4292
16.4298
16.4308
16.4253
16.4354
16.4358
16.4354
16.4296
16.4366
16.4373
16.4316
16.4318
16.4334
16.4647
16.4662
16.4616
16.4755
16.4738
16.4753
16.483
16.4875
16.4889
16.4939
16.4892
16.4899
16.4907
16.4904
16.491
16.491
16.492
16.4928
16.4982
16.4993
16.4974
16.4971
16.4974
16.4933
16.4947
16.4989
16.4985
16.4996
16.4975
16.4961
16.4963
16.4968
16.4995
16.5007
16.4967
16.4971
16.5009
16.4988
16.5
16.5014
16.5014
16.5018
16.5222
16.5222
16.5232
16.525
16.5239
16.5242
16.5258
16.5244
16.5261
16.5273
16.5259
16.533
16.5295
16.5307
16.5321
16.5333
16.5366
16.535
16.5356
16.5389
16.5357
16.5371
16.5354
16.5369
16.5366
16.5384
16.5373
16.5395
16.5401
16.5397
16.5397
16.5459
16.5462
16.5471
16.5473
16.5476
16.5476
16.5477
16.5491
16.5506
16.5494
16.5487
16.5485
16.5489
16.5491
16.5491
16.549
16.5491
16.5489
16.5497
16.5505
16.551
16.5512
16.5518
16.5514
16.5516
16.5974
16.5514
16.5538
16.554
16.6114
16.6117
16.6118
16.6124
16.6126
16.6123
16.616
16.6152
16.6153
16.6161
16.6162
16.6167
16.6197
16.6164
16.6166
16.6214
16.6213
16.6229
16.623
16.6248
16.624
16.6241
16.6242
16.6526
16.653
16.6531
16.6532
16.6533
16.6536
16.6536
16.6553
16.6539
16.6557
16.6853
16.6852
16.6877
16.689
16.6894
16.6916
16.6902
16.6902
16.6933
16.6908
16.6904
16.6906
16.6906
16.6931
16.6914
16.6914
16.7013
16.7041
16.7047
16.705
16.705
16.7052
16.7054
16.7057
16.7057
16.7057
16.7056
16.7059
16.7064
16.706
16.7065
16.7063
16.7061
16.7062
16.7078
16.7089
16.709
16.7092
16.7096
16.7094
16.7098
16.7101
16.714
16.714
16.7141
16.7147
16.7189
16.7215
16.7222
16.7236
16.7235
16.7235
16.7234
16.724
16.7237
16.7242
16.7246
16.725
16.725
16.725
16.7253
16.7252
16.7254
16.7294
16.7297
16.7298
16.7298
16.7296
16.7299
16.7297
16.7298
16.7356
16.736
16.7362
16.7358
16.742
16.7733
16.7734
16.775
16.7774
16.7771
16.789
16.7921
16.7937
16.7942
16.7945
16.795
16.795
16.7951
16.7951
16.7956
16.7972
16.7972
16.7981
16.7982
16.7995
16.7994
16.7996
16.7997
16.8015
16.8019
16.8027
16.8029
16.8029
16.8031
16.8032
16.8033
16.8134
16.8166
16.8173
16.8164
16.8164
16.8179
16.8184
16.8183
16.8184
16.8191
16.8196
16.8191
16.8224
16.8213
16.8222
16.8236
16.8256
16.9573
16.8274
16.8281
16.8329
16.8329
16.8332
16.8332
16.8334
16.8343
16.8345
16.8337
16.8376
16.8379
16.8454
16.8461
16.8462
16.8469
16.8466
16.847
16.8469
16.8504
16.8507
16.8515
16.8522
16.8529
16.8537
16.853
16.853
16.8534
16.8543
16.8538
16.854
16.8542
16.8543
16.857
16.8573
16.857
16.858
16.8581
16.8587
16.8588
16.8588
16.859
16.8588
16.8621
16.8617
16.8629
16.8643
16.8709
16.8712
16.8713
16.8716
16.874
16.8755
16.8751
16.8759
16.8781
16.8785
16.8786
16.8789
16.8791
16.8793
16.8826
16.8821
16.883
16.8834
16.884
16.8832
16.8835
16.8832
17.0863
16.8839
16.8843
16.8842
16.8874
16.883
16.8878
16.888
16.8904
16.885
16.8894
16.8862
16.891
16.8906
16.8865
16.8909
16.8868
16.8925
16.8926
16.8964
16.8916
16.8964
16.8919
16.8923
16.8952
16.8954
16.8954
16.9006
16.9
16.896
16.9003
16.8962
16.8963
16.8992
16.899
16.8992
16.9002
16.9003
16.9077
16.9036
16.9048
16.9048
16.9162
16.9197
16.9251
16.921
16.9218
16.9262
16.9234
16.9234
16.9244
16.9245
16.9268
16.927
16.927
16.9272
16.9279
16.928
16.9282
16.9345
16.9368
16.9387
16.9456
16.9457
16.9459
16.9459
16.946
16.9463
16.9463
16.9463
16.9465
16.9466
16.9466
16.9468
16.9468
16.947
16.9472
16.9472
16.9474
16.9482
16.9516
16.9517
16.952
16.9523
16.9522
16.9522
16.9539
16.955
16.9563
16.9565
16.9565
16.9573
16.9574
16.9575
16.9576
16.9582
16.9658
16.9663
16.9659
16.967
16.9681
16.9686
16.9699
16.9699
16.9698
16.9699
16.9701
16.9701
16.9702
16.9703
16.9705
16.9715
16.9725
16.9743
16.9821
16.9824
16.9845
16.9844
16.9842
16.9842
16.985
16.9847
16.9846
16.9848
16.9848
16.9851
16.985
16.9857
16.9851
16.9851
16.9849
16.9855
16.9839
16.9859
16.9849
16.9874
16.9851
16.9857
16.9894
16.9895
16.9897
16.9918
16.9906
16.9908
16.9906
16.9911
16.9933
16.9926
16.9918
16.9918
16.9914
16.9922
16.9924
16.9948
16.9946
16.9951
16.9949
16.9964
16.9983
16.9982
16.9981
16.9988
16.999
17.0005
17.0001
17.0008
17.0013
17.0012
17.0016
17.0021
17.0044
17.0044
17.0039
17.0047
17.0044
17.0049
17.0099
17.0129
17.0136
17.0139
17.0143
17.0139
17.0149
17.0138
17.0145
17.0167
17.0162
17.0161
17.0173
17.0167
17.0179
17.0178
17.0179
17.0187
17.0214
17.025
17.0217
17.0224
17.0219
17.0229
17.0232
17.0227
17.0285
17.0305
17.0316
17.032
17.0325
17.0325
17.0324
17.0336
17.0331
17.034
17.0336
17.0369
17.0373
17.0372
17.0387
17.0387
17.0393
17.0382
17.0397
17.0393
17.0393
17.0403
17.0399
17.0435
17.0389
17.0395
17.0395
17.039
17.04
17.0409
17.0441
17.0444
17.0443
17.0432
17.0453
17.0455
17.0445
17.046
17.0459
17.0465
17.0465
17.0463
17.0508
17.0503
17.0506
17.055
17.055
17.0549
17.1824
17.0578
17.0586
17.0571
17.0579
17.0583
17.2029
17.0605
17.0638
17.1681
17.0627
17.0689
17.0692
17.0672
17.0714
17.0715
17.0726
17.0739
17.0744
17.076
17.0744
17.0753
17.074
17.0794
17.0803
17.08
17.0816
17.0832
17.08
17.0861
17.0855
17.0874
17.0853
17.0853
17.0866
17.0879
17.1913
17.0871
17.2316
17.2349
17.1968
17.0932
17.0934
17.0938
17.0932
17.0956
17.2002
17.0971
17.1105
17.1023
17.1024
17.1073
17.1111
17.1129
17.1105
17.1186
17.2268
17.1227
17.1234
17.1223
17.1283
17.1254
17.1258
17.2316
17.1468
17.152
17.2548
17.2549
17.15
17.2556
17.1513
17.2589
17.1637
17.2699
17.1692
17.1692
17.1696
17.3266
17.1869
17.2924
17.1883
17.1931
17.2983
17.2567
17.2043
17.2052
17.2109
17.3156
17.2103
17.211
17.2134
17.318
17.2144
17.2173
17.2171
17.2193
17.2181
17.2232
17.2233
17.2236
17.2238
17.2245
17.2247
17.2247
17.2299
17.2343
17.2376
17.2355
17.2368
17.3424
17.237
17.2369
17.2373
17.3443
17.2473
17.3533
17.2551
17.3622
17.3632
17.2627
17.2613
17.2626
17.2625
17.2638
17.2644
17.2688
17.2687
17.2741
17.3734
17.2692
17.3728
17.3749
17.2695
17.2953
17.374
17.299
17.2991
17.3758
17.2992
17.2994
17.3754
17.2994
17.377
17.3772
17.302
17.3817
17.4213
17.2769
17.3803
17.3848
17.2821
17.282
17.3854
17.2819
17.2802
17.2824
17.2833
17.3886
17.3887
17.2835
17.2849
17.285
17.285
17.2852
17.2858
17.3915
17.287
17.2872
17.2893
17.2906
17.3953
17.2906
17.293
17.291
17.291
17.2915
17.2922
17.2927
17.2942
17.2935
17.2945
17.2948
17.2954
17.3252
17.3245
17.3004
17.2997
17.2997
17.3007
17.3025
17.3037
17.3037
17.3045
17.3048
17.3321
17.3049
17.3303
17.3067
17.3065
17.3066
17.4106
17.4106
17.3324
17.3326
17.333
17.3349
17.3319
17.3357
17.338
17.3373
17.3379
17.3379
17.3378
17.3391
17.4223
17.4234
17.3449
17.3457
17.3484
17.3487
17.3487
17.3497
17.4391
17.4393
17.4399
17.3655
17.3658
17.3646
17.3659
17.3747
17.3773
17.4541
17.3764
17.3762
17.3765
17.3765
17.3765
17.3765
17.3768
17.3766
17.377
17.3773
17.3771
17.3775
17.3675
17.3783
17.3777
17.3788
17.3786
17.38
17.3802
17.38
17.3802
17.383
17.3829
17.3829
17.3829
17.3825
17.3736
17.3835
17.3839
17.3848
17.3741
17.3845
17.3845
17.3744
17.3844
17.3737
17.3849
17.3874
17.3878
17.3876
17.38
17.3789
17.3809
17.3795
17.3807
17.3803
17.3829
17.3827
17.3821
17.3816
17.3829
17.3832
17.3848
17.3949
17.3959
17.3959
17.3965
17.3857
17.3863
17.3861
17.3848
17.3862
17.3861
17.3856
17.3867
17.3882
17.39
17.389
17.4002
17.3901
17.3917
17.3906
17.3911
17.3907
17.3911
17.392
17.3933
17.3947
17.3949
17.3948
17.395
17.396
17.397
17.3995
17.3982
17.3984
17.3997
17.3992
17.3987
17.3998
17.3996
17.3995
17.401
17.4012
17.4
17.4002
17.4014
17.4019
17.4045
17.4045
17.4047
17.4063
17.4056
17.4058
17.4067
17.4077
17.4088
17.4103
17.4095
17.4094
17.4098
17.4111
17.4098
17.4098
17.4107
17.4103
17.4108
17.4107
17.4118
17.4119
17.4124
17.4135
17.4138
17.4164
17.4164
17.4168
17.4168
17.4181
17.418
17.418
17.4184
17.4183
17.4184
17.4185
17.4185
17.4123
17.4214
17.4217
17.4233
17.4225
17.4231
17.423
17.4233
17.4247
17.4236
17.4237
17.4238
17.4255
17.4244
17.4252
17.426
17.4263
17.4276
17.4278
17.4275
17.4276
17.4277
17.4279
17.429
17.4289
17.429
17.4318
17.4319
17.4319
17.4322
17.4324
17.433
17.4345
17.4346
17.4365
17.4302
17.4307
17.4379
17.4291
17.4381
17.439
17.5325
17.4403
17.4405
17.5342
17.4318
17.4345
17.4342
17.4411
17.4416
17.4415
17.4423
17.4426
17.4372
17.4361
17.4381
17.4446
17.446
17.4373
17.5402
17.5403
17.5411
17.4389
17.4482
17.4424
17.4435
17.5437
17.5438
17.5439
17.5438
17.5438
17.544
17.5441
17.5451
17.5464
17.5464
17.5469
17.5476
17.5478
17.5472
17.5482
17.5482
17.5484
17.5487
17.5491
17.5493
17.5501
17.5505
17.5501
17.5498
17.5502
17.5507
17.5507
17.5547
17.5545
17.5544
17.5546
17.5551
17.5552
17.5549
17.5561
17.555
17.5557
17.558
17.5581
17.5585
17.5581
17.5584
17.5606
17.561
17.5606
17.5616
17.5613
17.5627
17.5615
17.5653
17.5631
17.5644
17.5644
17.5634
17.5669
17.568
17.5669
17.5683
17.568
17.5681
17.5267
17.5693
17.5701
17.5276
17.5694
17.5707
17.5721
17.5282
17.5699
17.5286
17.5303
17.5303
17.5299
17.5308
17.5313
17.5318
17.5328
17.5329
17.4975
17.5341
17.5925
17.4995
17.5
17.5029
17.5032
17.5033
17.5033
17.5398
17.5034
17.5025
17.5415
17.5419
17.5419
17.542
17.5068
17.5073
17.5429
17.5075
17.5075
17.5082
17.5076
17.5099
17.5109
17.51
17.5089
17.5101
17.5099
17.512
17.5112
17.5123
17.5124
17.5116
17.5116
17.5126
17.5126
17.513
17.5145
17.5145
17.5148
17.5145
17.5139
17.5134
17.5203
17.5208
17.5186
17.5201
17.5201
17.5204
17.5199
17.5202
17.521
17.5204
17.5206
17.5217
17.5224
17.5608
17.5233
17.5227
17.5229
17.5238
17.5272
17.5246
17.5245
17.5247
17.5246
17.5662
17.5282
17.5279
17.5281
17.5672
17.5283
17.5327
17.533
17.5318
17.5322
17.5314
17.5701
17.5321
17.5328
17.533
17.5359
17.5345
17.534
17.5347
17.5394
17.5764
17.5397
17.5381
17.5408
17.5414
17.5783
17.5397
17.5413
17.5416
17.542
17.5449
17.5432
17.5421
17.5431
17.5443
17.5429
17.5425
17.5432
17.5448
17.5442
17.5458
17.5474
17.5453
17.546
17.5457
17.5464
17.5487
17.5489
17.5492
17.5493
17.5512
17.5512
17.551
17.5524
17.5503
17.5524
17.5509
17.5527
17.5521
17.5527
17.5537
17.553
17.5541
17.5542
17.5541
17.5538
17.5565
17.5578
17.5566
17.5567
17.5567
17.5562
17.5572
17.5569
17.5584
17.5584
17.5596
17.5583
17.557
17.5622
17.5604
17.563
17.5668
17.5668
17.5664
17.5654
17.5645
17.5656
17.5676
17.5655
17.5674
17.5662
17.5679
17.5682
17.5689
17.5678
17.5693
17.5696
17.5698
17.5689
17.5689
17.57
17.5715
17.5701
17.5734
17.5731
17.5725
17.5735
17.5734
17.5734
17.5744
17.5737
17.5765
17.5747
17.5744
17.5784
17.5761
17.5783
17.5764
17.5779
17.579
17.5779
17.5783
17.5783
17.5792
17.5797
17.5802
17.5813
17.5816
17.5813
17.5823
17.5826
17.5828
17.5833
17.5832
17.5843
17.5845
17.5846
17.5855
17.5882
17.5878
17.5877
17.5882
17.5899
17.5902
17.5905
17.5918
17.5919
17.5914
17.5957
17.597
17.5946
17.5944
17.595
17.596
17.5956
17.5956
17.5962
17.596
17.6292
17.5938
17.5976
17.5983
17.5973
17.5975
17.5984
17.598
17.6003
17.6016
17.6053
17.6067
17.6066
17.6045
17.608
17.6083
17.6073
17.6075
17.6082
17.6089
17.6098
17.6092
17.6093
17.6102
17.6139
17.6157
17.6148
17.6161
17.6151
17.616
17.6169
17.6162
17.614
17.6171
17.6175
17.6146
17.6186
17.6228
17.6227
17.6182
17.6201
17.6245
17.6231
17.6276
17.6275
17.631
17.6275
17.6298
17.6308
17.6299
17.6305
17.6299
17.631
17.6317
17.6299
17.6345
17.6344
17.6346
17.635
17.6357
17.6335
17.6369
17.637
17.6373
17.6429
17.6414
17.6431
17.6432
17.6406
17.6444
17.6445
17.6462
17.6465
17.6546
17.6521
17.6521
17.6522
17.6525
17.6535
17.6555
17.6541
17.6574
17.6567
17.6565
17.6593
17.6594
17.662
17.6619
17.664
17.6609
17.6604
17.6629
17.6644
17.6633
17.6633
17.6619
17.662
17.663
17.6645
17.6669
17.6637
17.6643
17.6669
17.6703
17.6707
17.6672
17.6676
17.6673
17.6713
17.6679
17.6693
17.6693
17.6701
17.6703
17.6741
17.6704
17.6774
17.6809
17.681
17.6774
17.6778
17.6776
17.6804
17.6816
17.6818
17.6818
17.6817
17.6839
17.6857
17.6826
17.6825
17.6825
17.683
17.6828
17.6835
17.6841
17.6837
17.6844
17.6844
17.6857
17.6878
17.6858
17.6872
17.6888
17.6891
17.6871
17.6907
17.6925
17.6906
17.6918
17.6927
17.6975
17.7011
17.7015
17.7026
17.7028
17.7683
17.7647
17.7667
17.7663
17.7662
17.773
17.7838
17.7844
17.7851
17.8134
19.4969
19.5489
19.6646
19.6994
19.7009
19.7012
19.7107
19.7109
19.7113
19.7153
19.7154
19.721
19.7213
19.7229
19.7251
19.7252
19.7254
19.7262
19.7275
19.7309
19.7305
19.7249
37.626
37.6262
38.1266
38.1276
38.1491
38.2321
38.1489
38.1449
38.1548
38.142
38.1399
38.1421
38.1401
38.1479
38.1341
38.1498
38.1335
38.1473
38.132
38.148
38.1323
38.1506
38.1315
38.1475
38.1527
38.1331
38.1506
38.131
38.1511
38.1505
38.1512
38.2341
38.1504
38.1459
38.144
38.1474
38.1428
82.2088
82.2089
82.2902
82.2892
82.247
82.2104
82.1977
82.2107
82.1931
82.2119
82.1931
82.2092
82.1931
82.193
82.2088
82.1929
82.2063
82.1931
82.2068
82.1923
82.2076
82.1916
82.2079
82.1916
82.205
82.1914
82.2075
82.2119
82.2129
82.1919
82.2057
82.1914
82.1916
82.1911
82.2039
82.2143
82.1915
82.2042
82.214
82.192
82.2148
82.1929
82.2141
82.2136
82.2114
82.2976
82.2135
82.2064
82.2116
82.2202
82.2113
82.2197
82.2166
82.2188
82.3401
82.2076
82.2114
82.2183
82.2087
82.207
82.2078
82.2114
82.2122
82.2075
82.211
82.2089
82.2077
82.2094
82.2005
82.2093
82.2077
82.2105
82.3024
82.2097
82.2211
82.2103
82.2213
82.2216
82.2214
82.2214
82.2215
82.2213
82.2214
82.2216
82.2215
82.2215
82.2214
82.2216
82.2215
82.2217
82.2211
82.2212
82.2212
82.2213
82.2213
82.2214
82.2214
82.2215
82.2201
82.2201
82.3036
82.2221
82.2609
82.2253
82.3033
82.2113
82.2244
82.2108
82.2256
82.2067
82.2247
82.2067
82.2244
82.2066
82.2217
82.2064
82.2131
82.2022
82.2029
82.2013
82.201
82.2137
82.224
82.2012
82.201
82.2241
82.2135
82.2232
82.2136
82.2234
82.2028
82.2235
82.2187
82.2287
82.2188
82.227
82.2276
82.2153
82.2259
82.2184
82.2254
82.2137
82.2182
82.2254
82.2133
82.219
82.2156
82.2162
82.2149
82.2168
82.2152
82.2168
82.2152
82.218
82.2159
82.2178
82.3092
82.2174
5.07988
5.08168
5.08228
5.08479
5.08537
5.0855
5.08574
5.08595
5.08602
5.09538
5.09553
5.09582
5.10113
5.1025
5.10232
5.10237
5.10248
5.13767
5.14044
5.14149
5.14169
5.14186
5.14825
5.1495
5.14947
5.14983
5.15027
5.17042
5.17175
5.1717
5.17184
5.17206
5.21415
5.2161
5.52879
5.52986
5.53092
5.53642
5.54229
5.58224
5.58457
5.59561
5.59628
5.59652
5.59785
5.59764
5.59765
5.66078
5.68085
5.68087
5.68549
5.68552
5.6856
5.68571
5.6875
5.68869
5.68973
6.34646
6.4894
6.49189
6.49288
6.49289
6.49304
6.49327
6.49611
6.49695
6.49764
6.49788
6.49845
6.49917
6.49962
6.61321
6.61441
6.61473
6.61588
6.61638
6.78098
6.81591
6.81851
6.82076
6.82339
6.82855
6.82921
6.82949
6.83009
6.83275
6.83368
6.83389
6.83418
6.83438
6.94106
6.94601
7.06466
7.10496
7.10813
7.10829
7.10881
7.10905
7.11132
7.18046
7.1806
7.20744
7.2081
7.2088
7.20902
7.20965
7.21038
7.21144
7.21189
7.21292
7.23801
7.23819
7.23844
7.23857
7.23879
7.24526
7.24549
7.24557
7.25406
7.57989
7.84299
7.84369
7.85096
12.2982
12.2855
12.285
12.348
12.3472
12.3029
12.291
12.3172
12.2648
12.3366
12.2899
12.2922
12.3134
12.3259
12.3272
12.2892
12.2499
12.2515
12.2517
12.2551
12.2669
12.0684
11.9399
11.9357
12.1247
12.0699
11.9818
11.9894
12.5006
11.9474
11.9493
11.9542
11.9549
11.9631
11.9615
11.97
12.4074
11.9743
12.4917
12.0558
11.9746
12.0584
12.4121
13.1258
13.1738
13.2199
13.4675
13.4759
13.5458
13.5481
13.5698
13.5739
13.5822
13.5857
13.5863
13.5865
13.5952
13.626
13.6275
13.7628
14.019
14.0838
14.0887
14.1155
14.2311
14.4414
14.4674
14.4675
14.4678
14.4755
14.4806
14.4892
14.4892
14.4902
14.4963
14.4981
14.532
14.5321
14.5321
14.5331
14.534
14.5425
14.5437
14.5687
14.5709
14.5713
14.6029
14.6186
14.6303
14.714
14.736
14.7418
14.7829
14.8185
14.8183
14.8186
14.8212
14.8603
14.8725
14.8746
14.8836
15.0975
15.0976
16.4032
16.4034
16.404
16.4041
16.4441
16.7922
17.4825
17.4913
17.4915
17.4917
17.4934
17.4945
17.4981
17.5024
17.5026
17.5027
17.5076
17.6048
17.6058
17.6061
17.6062
17.6164
17.623
17.6232
17.6273
17.6331
17.6343
17.6349
17.6351
17.6355
17.636
17.6362
17.6418
17.6366
17.6365
17.6366
17.6369
17.6421
17.6421
17.6424
17.6376
17.6409
17.641
17.647
17.643
17.6428
17.6443
17.6442
17.6495
17.6446
17.6445
17.6453
17.6466
17.6515
17.6551
17.6507
17.6517
17.653
17.6531
17.6597
17.6597
17.663
17.6637
17.6634
17.6653
17.6663
17.6662
17.6726
17.673
17.6728
17.673
17.6731
17.6934
17.7022
17.7034
17.7037
17.7039
17.7039
17.7039
17.7041
17.7097
17.7044
17.7044
17.71
17.705
17.7104
17.7104
17.7106
17.7055
17.7108
17.7105
17.706
17.714
17.7097
17.7152
17.7159
17.7161
17.7113
17.7116
17.7115
17.7172
17.7124
17.7174
17.718
17.7182
17.7181
17.7176
17.7258
17.7274
17.7273
17.7271
17.7272
17.7256
17.7332
17.7328
17.7287
17.734
17.7345
17.7342
17.734
17.7293
17.7347
17.7353
17.7353
17.735
17.7349
17.7374
17.7385
17.7388
17.7383
17.7336
17.7346
17.7401
17.7404
17.7402
17.9593
17.9626
17.9629
17.9629
17.9631
17.9649
17.966
17.9683
17.9763
17.9774
17.9816
17.982
17.9867
17.9868
17.9868
17.9874
17.9886
17.9901
17.9902
17.9903
17.9905
17.9907
17.9957
17.9958
17.9997
17.9998
18.0009
18.0033
18.0051
18.0052
18.0078
18.008
18.0084
18.0084
18.0105
18.008
18.0119
18.0093
18.0129
18.0094
18.0135
18.0129
18.0115
18.0145
18.0145
18.0178
18.0179
18.0186
18.0174
18.0181
18.0187
18.0199
18.022
18.0221
18.0211
18.02
18.0207
18.0254
18.0309
18.0335
18.0391
18.0395
18.0395
18.0397
18.0406
18.0409
18.0378
18.0447
18.0448
18.0453
18.0452
18.0472
18.0473
18.0477
18.0472
18.0513
18.0597
18.0591
18.0604
18.0642
18.0632
18.0595
18.0643
18.0651
18.0616
18.0617
18.0653
18.0615
18.062
18.0628
18.0625
18.0655
18.0654
18.0632
18.0691
18.0683
18.0697
18.0666
18.0704
18.0717
18.0706
18.0736
18.0708
18.0725
18.0712
18.0712
18.0729
18.0712
18.072
18.0769
18.0789
18.0818
18.0777
18.0783
18.0781
18.0787
18.0828
18.0832
18.0796
18.0781
18.081
18.0811
18.082
18.0831
18.0791
18.0843
18.0802
18.0799
18.0801
18.0888
18.0844
18.0865
18.0906
18.091
18.0911
18.089
18.0943
18.0894
18.0909
18.0892
18.0895
18.0929
18.0911
18.0911
18.0904
18.0918
18.0902
18.0549
18.0903
18.0965
18.0957
18.0907
18.0931
18.0937
18.0926
18.097
18.0982
18.0938
18.0948
18.0939
18.0952
18.0939
18.095
18.0957
18.0985
18.1051
18.1012
18.105
18.1036
18.1036
18.0667
18.1033
18.0666
18.1066
18.0666
18.1026
18.1023
18.1047
18.1076
18.1089
18.1033
18.1077
18.1035
18.105
18.1071
18.104
18.1098
18.1071
18.1068
18.1063
18.0709
18.108
18.0731
18.0724
18.0722
18.0742
18.0745
18.0738
18.0743
18.0629
18.0753
18.0765
18.0759
18.1132
18.1127
18.1172
18.1144
18.1145
18.116
18.079
18.0789
18.0793
18.0683
18.1172
18.0704
18.1184
18.0714
18.0852
18.0853
18.1239
18.0859
18.075
18.0868
18.1278
18.089
18.1259
18.0784
18.1272
18.0898
18.1258
18.0912
18.1266
18.0805
18.1291
18.1158
18.128
18.1325
18.1276
18.0934
18.0935
18.1305
18.1315
18.0842
18.1343
18.1349
18.0985
18.1346
18.1337
18.1367
18.1365
18.1019
18.102
18.1024
18.1387
18.1034
18.1401
18.0933
18.1051
18.1413
18.1059
18.1407
18.106
18.106
18.1414
18.1064
18.1056
18.147
18.0989
18.1102
18.1102
18.1496
18.147
18.1115
18.1109
18.147
18.1478
18.1519
18.1517
18.1141
18.1152
18.1165
18.1513
18.1165
18.1045
18.1166
18.1514
18.1163
18.1047
18.1559
18.1545
18.1166
18.1546
18.106
18.1063
18.1569
18.1552
18.1185
18.124
18.1244
18.1252
18.1253
18.1644
18.1612
18.1256
18.1141
18.114
18.1141
18.162
18.1268
18.1263
18.1267
18.1626
18.1627
18.1671
18.1621
18.15
18.1293
18.1298
18.1664
18.1191
18.1717
18.1689
18.1684
18.1678
18.1204
18.1692
18.1698
18.1231
18.1347
18.1344
18.1753
18.1347
18.1366
18.1257
18.1258
18.175
18.1769
18.1782
18.1769
18.1798
18.1781
18.1802
18.1408
18.1295
18.1803
18.1299
18.1578
18.1798
18.1455
18.1833
18.1843
18.1368
18.185
18.1865
18.1844
18.1852
18.1389
18.1918
18.1862
18.1892
18.1405
18.1894
18.1892
18.1944
18.191
18.1444
18.1458
18.1935
18.2033
18.1626
18.1999
18.1524
18.1659
18.1659
18.2024
18.1549
18.1676
18.1684
18.2033
18.2035
18.1564
18.2055
18.1572
18.1574
18.2048
18.1705
18.1582
18.1705
18.1617
18.1737
18.2094
18.1622
18.1641
18.2134
18.1774
18.1663
18.2153
18.1666
18.1664
18.1793
18.1675
18.1676
18.18
18.1803
18.168
18.1805
18.18
18.1683
18.1678
18.1685
18.181
18.169
18.1809
18.2163
18.1698
18.1699
18.183
18.1842
18.1846
18.1724
18.1852
18.1844
18.1735
18.173
18.1744
18.1739
18.1739
18.1744
18.1858
18.1883
18.2285
18.1767
18.1769
18.1775
18.1891
18.1775
18.1896
18.1894
18.2319
18.1799
18.1914
18.2313
18.1798
18.2325
18.2324
18.2316
18.182
18.231
18.231
18.2311
18.2318
18.1837
18.1832
18.1839
18.2327
18.195
18.1842
18.2318
18.233
18.2332
18.2344
18.2362
18.2345
18.236
18.2364
18.1882
18.1884
18.1882
18.2012
18.1889
18.1892
18.1893
18.1924
18.2415
18.2428
18.2422
18.2411
18.2412
18.2067
18.1941
18.1947
18.1948
18.1947
18.1948
18.1946
18.1963
18.2024
18.203
18.2522
18.2058
18.2062
18.2059
18.2068
18.2069
18.2556
18.207
18.209
18.2094
18.2093
18.2594
18.2099
18.2613
18.2604
18.2114
18.2636
18.2138
18.2641
18.266
18.2191
18.2211
18.2222
18.2222
18.2225
18.2309
18.2847
18.2802
18.2312
18.2314
18.2313
18.2322
18.2322
18.2316
18.2821
18.2813
18.2835
18.2335
18.282
18.2824
18.2472
18.284
18.2342
18.2474
18.2829
18.2832
18.2883
18.2849
18.2479
18.2477
18.2827
18.2714
18.2836
18.2502
18.239
18.2391
18.2401
18.2411
18.2552
18.2544
18.2561
18.2924
18.2573
18.2936
18.2935
18.2573
18.258
18.2943
18.2941
18.294
18.2991
18.2635
18.2652
18.3033
18.3019
18.2666
18.2668
18.2545
18.2559
18.3124
18.3122
18.2735
18.3143
18.2744
18.2617
18.2749
18.2749
18.2751
18.2752
18.2749
18.275
18.2746
18.2747
18.2755
18.2753
18.2643
18.2649
18.3176
18.3139
18.2671
18.2791
18.3172
18.3169
18.274
18.2737
18.3223
18.2751
18.3242
18.3221
18.2752
18.276
18.2886
18.2761
18.2765
18.2754
18.2754
18.2757
18.2755
18.2763
18.2773
18.2678
18.2796
18.2703
18.2706
18.2835
18.2858
18.2752
18.2989
18.2762
18.3372
18.2763
18.2879
18.3396
18.3391
18.2892
18.2795
18.2914
18.3459
18.2951
18.2886
18.3476
18.3491
18.3013
18.3015
18.3018
18.3026
18.2953
18.3072
18.3079
18.3121
18.3024
18.3141
18.307
18.3071
18.3082
18.3081
18.3135
18.3137
18.3138
18.3146
18.3146
18.3197
18.3209
18.3218
18.322
18.3222
18.3221
18.323
18.323
18.323
18.3232
18.3243
18.3295
18.3297
18.3298
18.3298
18.3297
18.3298
18.3301
18.3301
18.3529
18.353
18.3554
18.3555
18.3565
18.3809
18.3811
18.3653
18.3655
18.3657
18.3662
18.366
18.3665
18.3676
18.3917
18.3919
18.3681
18.3689
18.3779
18.3806
18.3805
18.3803
18.3803
18.405
18.3807
18.3922
18.3806
18.381
18.3811
18.3813
18.3814
18.3814
18.4071
18.3825
18.3827
18.3878
18.3881
18.3881
18.389
18.3883
18.391
18.3928
18.393
18.3933
18.3937
18.3938
18.3939
18.3961
18.3964
18.3974
18.3979
18.3976
18.398
18.3984
18.3986
18.3988
18.399
18.4245
18.4259
18.4008
18.4009
18.4018
18.4061
18.4137
18.4128
18.4139
18.413
18.4135
18.4144
18.4144
18.4142
18.414
18.4239
18.424
18.4245
18.4249
18.4252
18.4305
18.4303
18.4307
18.4306
18.4316
18.4341
18.4336
18.4337
18.4361
18.4082
18.436
18.4367
18.4103
18.4508
18.4279
18.4149
18.4159
18.4167
18.4224
18.4227
18.4508
18.4235
18.4293
18.4291
18.4315
18.4604
18.4324
18.4327
18.4336
18.4338
18.4341
18.434
18.4758
18.4636
18.438
18.4393
18.4397
18.44
18.4422
18.4488
18.4903
18.45
18.4497
18.4504
18.4504
18.4504
18.45
18.4505
18.4508
18.4506
18.4508
18.4506
18.5048
18.4509
18.4506
18.4512
18.4522
18.4807
18.4826
18.4538
18.4535
18.4823
18.4531
18.4532
18.4578
18.4925
18.4109
18.4933
18.4933
18.4122
18.4152
18.468
18.4966
18.4155
18.4163
18.4982
18.4725
18.4176
18.4186
18.4262
18.4263
18.4266
18.4269
18.427
18.4273
18.4271
18.4289
18.456
18.4571
18.457
18.5516
18.4576
18.4579
18.4581
18.4586
18.4587
18.459
18.5536
18.4605
18.5142
18.4605
18.4607
18.4611
18.4609
18.5142
18.4611
18.5154
18.4639
18.4642
18.4652
18.5623
18.4683
18.5222
18.4692
18.5763
18.4707
18.471
18.5655
18.4716
18.4718
18.4745
18.4856
18.4857
18.5807
18.5809
18.5401
18.5686
18.4868
18.4879
18.4876
18.5411
18.5414
18.4885
18.4888
18.5421
18.4894
18.4895
18.4897
18.4899
18.4901
18.5003
18.5017
18.502
18.502
18.5563
18.5029
18.5038
18.5049
18.5584
18.51
18.51
18.5103
18.5105
18.5649
18.5649
18.5121
18.514
18.514
18.5147
18.5162
18.5165
18.5166
18.507
18.5167
18.5743
18.5201
18.5204
18.5208
18.5243
18.5152
18.5153
18.5156
18.5157
18.5277
18.5183
18.5275
18.5284
18.5383
18.5286
18.5296
18.5299
18.534
18.5349
18.5988
18.5356
18.5362
18.546
18.5367
18.5497
18.5398
18.5402
18.5401
18.5501
18.5402
18.5404
18.5547
18.5447
18.547
18.5476
18.5477
18.5484
18.5488
18.5491
18.5139
18.5535
18.5153
18.555
18.5557
18.5555
18.5555
18.5556
18.5557
18.5174
18.5176
18.5604
18.5205
18.5207
18.5623
18.523
18.5271
18.5267
18.5336
18.5339
18.5335
18.5347
18.5383
18.5384
18.538
18.5382
18.5421
18.5439
18.5437
18.5442
18.5444
18.5451
18.5476
18.548
18.5486
18.518
18.518
18.5185
18.5184
18.5189
18.5261
18.5261
18.5385
18.5295
18.519
18.5298
18.5193
18.5609
18.5304
18.5612
18.5616
18.5307
18.5324
18.5634
18.5229
18.534
18.5232
18.5241
18.5349
18.5244
18.5308
18.531
18.534
18.5341
18.5341
18.5371
18.5372
18.5373
18.5375
18.5392
18.5394
18.5407
18.5409
18.5408
18.5409
18.541
18.5412
18.5464
18.5471
18.5471
18.5474
18.5496
18.5516
18.5518
18.5527
18.553
18.5565
18.5621
18.563
18.5633
18.5633
18.606
18.5642
18.5653
18.5654
18.5655
18.5652
18.5656
18.5662
18.5665
18.5666
18.5682
18.5684
18.5688
18.5696
18.5297
18.5698
18.4493
18.5425
18.4578
18.4579
18.5853
18.5864
18.4546
18.5275
18.4548
18.462
18.5897
18.4648
18.4636
18.4647
18.5558
18.4691
18.4088
18.5468
18.4672
18.4735
18.5685
18.5589
18.7966
18.4261
18.4805
18.4272
18.4879
18.4268
18.4301
18.4847
18.4321
18.4401
18.5006
18.4405
18.4411
18.4955
18.442
18.4424
18.4514
18.4516
18.5079
18.454
18.4625
18.4623
18.4626
18.522
18.4675
18.5219
18.4687
18.4687
18.4718
18.5264
18.4721
18.5298
18.5331
18.4874
18.4875
18.4961
18.4963
18.4963
18.4981
18.4983
18.4983
18.4976
18.5205
18.5024
18.5024
18.5021
18.5074
18.5076
18.5083
18.5083
18.5156
18.5149
18.517
18.5197
18.5248
18.5246
18.5325
18.5333
18.5345
18.5354
18.5371
18.5374
18.5383
18.5439
18.5456
18.7336
18.5477
18.5473
18.7128
18.5643
18.5651
18.7139
18.5654
18.5063
18.6237
18.757
18.5687
18.5108
18.5743
18.5755
18.5752
18.5754
18.5766
18.6408
18.5791
18.519
18.6358
18.5832
18.5223
18.6393
18.5226
18.6405
18.587
18.5905
18.5914
18.5914
18.6529
18.5922
18.5924
18.5905
18.5933
18.5974
18.5976
18.5441
18.6043
18.5446
18.6082
18.5454
18.6065
18.6087
18.5475
18.5476
18.6108
18.6112
18.548
18.6112
18.5485
18.6085
18.6119
18.5489
18.5496
18.5508
18.551
18.5511
18.6131
18.548
18.6156
18.5657
18.5669
18.567
18.5619
18.6309
18.5689
18.569
18.5693
18.632
18.6301
18.8215
18.566
18.5712
18.5715
18.5673
18.5674
18.5718
18.573
18.572
18.573
18.5683
18.5737
18.5685
18.5687
18.5694
18.5746
18.5726
18.5738
18.574
18.5741
18.574
18.5747
18.575
18.575
18.5782
18.5789
18.5811
18.5199
18.5201
18.5233
18.5847
18.5243
18.5258
18.5879
18.5264
18.588
18.5277
18.5299
18.5335
18.5346
18.5964
18.5969
18.539
18.5406
18.6022
18.6026
18.6048
18.5444
18.8656
18.5493
18.5489
18.5492
18.6109
18.5492
18.8677
18.5504
18.5506
18.5546
18.5543
18.5549
18.739
18.555
18.8732
18.8338
18.5665
18.559
18.7506
18.5594
18.5595
18.5596
18.6903
18.5601
18.5604
18.6909
18.6905
18.5606
18.5655
18.6951
18.6943
18.7005
18.7015
18.5714
18.7598
18.5759
18.707
18.7079
18.5766
18.5798
18.71
18.5766
18.5778
18.589
18.5359
18.6043
18.5362
18.5366
18.6077
18.6043
18.6042
18.5395
18.6071
18.6075
18.6113
18.5401
18.6118
18.5408
18.6094
18.5417
18.6129
18.6109
18.6106
18.611
18.6146
18.8003
18.6162
18.5441
18.614
18.6854
18.6178
18.7479
18.5467
18.6162
18.5489
18.5496
18.6174
18.753
18.552
18.5521
18.5522
18.6233
18.5573
18.5583
18.5585
18.7031
18.566
18.566
18.5666
18.5662
18.5665
18.567
18.5672
18.5757
18.5757
18.5766
18.577
18.5775
18.6561
18.7221
18.7233
18.682
18.661
18.6577
18.6576
18.5905
18.6626
18.5907
18.7243
18.6596
18.6631
18.5922
18.6635
18.6638
18.5926
18.6671
18.6653
18.5969
18.6655
18.5978
18.5978
18.5978
18.5981
18.5974
18.5977
18.6062
18.6057
18.6061
18.607
18.6067
18.6076
18.6073
18.6071
18.6085
18.617
18.6174
18.6165
18.6168
18.6165
18.6175
18.6177
18.6169
18.6177
18.6201
18.6225
18.6252
18.6254
18.626
18.6267
18.6268
18.6267
18.6267
18.6269
18.6267
18.6264
18.6268
18.6271
18.6273
18.627
18.6263
18.6272
18.6309
18.6311
18.6308
18.6307
18.6308
18.632
18.6325
18.6366
18.6371
18.6373
18.6386
18.6384
18.6387
18.6383
18.6392
18.6404
18.6407
18.6405
18.6471
18.6485
18.6482
18.6483
18.6493
18.6502
18.6505
18.6505
18.6516
18.6518
18.6533
18.6532
18.6568
18.6577
18.6579
18.6589
19.196
18.6591
18.66
18.6602
18.6601
18.6669
18.6671
18.6671
18.6669
19.2051
18.6682
18.6682
18.6682
18.6686
18.6703
18.6704
18.6715
18.6727
18.6717
18.6825
18.6836
18.6833
18.6882
18.6896
18.6891
18.6898
18.6903
18.6914
18.6915
18.6917
18.691
18.6917
18.6918
18.692
18.6924
18.6964
18.7505
18.6971
18.6968
18.6975
18.6985
18.6978
18.6971
18.6983
18.6989
18.6988
18.6982
18.6986
18.7005
18.701
18.7027
18.7021
18.7033
18.7038
18.7045
18.7056
18.6825
18.7072
18.6871
18.7105
18.7093
18.7099
18.72
18.7241
18.724
18.7016
18.7256
18.7261
18.7251
18.7269
18.706
19.2178
18.7322
18.7321
18.7323
18.7106
18.7344
18.7106
18.7111
18.7342
18.7342
18.7335
18.7119
18.7359
18.7143
18.7154
18.7402
18.7404
18.7172
18.7173
18.7415
18.7181
18.719
18.7417
18.741
18.7441
18.7205
18.7423
18.73
18.7543
19.2399
18.7552
18.7327
18.7335
19.2421
18.756
18.7575
18.735
18.7569
18.757
18.7353
18.736
18.7384
18.7459
18.747
19.2559
18.7712
18.7714
18.7713
18.748
18.7716
18.7482
18.7483
18.7703
18.7736
18.7538
19.2626
18.754
18.7778
18.7547
18.7542
18.7791
18.7777
18.7786
18.7571
18.7608
18.7832
18.7608
18.7616
18.7841
18.7832
18.7701
18.7702
18.7705
18.7701
18.7705
18.7707
18.7713
18.7718
18.7741
18.7759
18.7764
18.7762
18.7768
18.7764
18.7827
18.7828
18.7834
18.7838
18.7842
18.7844
18.7841
18.785
18.785
18.7864
19.2953
18.787
18.7872
18.7874
18.7883
19.2972
18.7885
18.7885
19.2975
18.7889
18.7926
18.7925
18.7934
18.7928
18.7934
18.7937
18.7939
18.7939
19.3044
18.7953
18.7954
18.7956
18.7958
18.796
18.796
18.8025
18.8056
18.8048
18.8084
18.8084
18.81
18.8093
18.8155
18.8154
18.8158
18.8166
18.8169
18.8169
18.817
18.8172
18.8173
18.8174
18.8176
18.8173
18.8177
18.8179
18.8178
18.8181
18.818
18.8183
18.8198
18.8201
18.82
18.8206
18.8208
18.822
18.8219
18.8229
18.8378
18.8391
18.8389
18.839
18.8398
18.8399
18.7883
18.8433
18.7919
18.7941
18.8497
18.7986
18.8502
18.8513
18.8
18.8516
19.3622
18.8534
18.8535
18.8533
18.8019
18.802
18.8542
18.8066
18.8074
18.8599
18.86
18.8089
18.8099
18.81
18.8157
18.816
18.8161
18.8162
18.8162
18.8163
18.8163
18.8166
18.871
19.3805
18.8208
18.8222
18.8222
18.8764
18.8254
18.8258
18.8258
19.3874
18.826
19.3395
18.8334
19.3949
18.8333
18.8343
19.3924
19.3528
18.8933
18.8424
18.8422
18.8422
18.8428
19.406
18.8458
18.8471
18.8474
19.3594
18.8998
18.8489
18.8477
18.8481
19.3997
18.9004
18.8488
19.3605
19.4002
18.8486
19.3608
19.3609
18.8497
19.3616
18.8574
19.3698
18.8585
18.8583
18.8586
19.41
19.3703
18.8591
18.8591
18.8589
18.8599
19.372
18.8657
18.8656
19.3802
18.8682
19.3804
18.8681
19.3805
19.3804
18.8685
19.3806
18.8687
19.3808
18.9214
19.4206
18.8694
18.869
18.8689
18.8887
18.9417
18.889
18.9016
18.902
18.9035
18.903
18.9568
18.9062
19.4187
18.9078
18.9068
18.9072
18.9072
19.4198
18.9111
18.9125
18.9647
19.4254
18.9135
19.4755
18.9198
19.4321
19.4333
18.9238
19.4362
19.4394
19.4403
19.4414
18.9348
19.4487
18.9371
18.9381
18.9398
19.4521
18.9413
18.9416
18.9421
18.9423
19.4961
19.4701
18.9881
18.9892
18.9955
18.9969
18.9981
19.5102
18.9981
18.9982
19.4802
18.9985
19.5117
18.9999
18.9997
18.9999
19.0002
19.0007
19.4835
19.0012
19.0011
19.0018
19.4949
19.0128
19.0129
19.0143
19.0135
19.0146
19.0137
19.0144
19.0141
19.0143
19.0148
19.0139
19.0142
19.0143
19.5275
19.014
19.0151
19.0148
19.0152
19.0151
19.0161
19.0151
19.0154
19.0167
19.0173
19.0211
19.0217
19.028
19.0299
19.03
19.0311
19.0318
19.0316
19.0335
19.0349
19.0348
19.0341
19.0348
19.035
19.0553
19.0355
19.0357
19.0356
19.0356
19.0358
19.0362
19.0366
19.0364
19.037
19.0363
19.0367
19.04
19.0399
19.0406
19.0419
19.0414
19.0412
19.0415
19.0424
19.0428
19.0429
19.0426
19.0431
19.0427
19.0434
19.0437
19.0443
19.0449
19.0451
19.0487
19.0494
19.052
19.0529
19.0531
19.0531
19.0541
19.0547
19.056
19.057
19.0568
19.0575
19.0578
19.0608
19.0608
19.0615
19.0634
19.0648
19.0774
19.5918
19.0784
19.078
19.0782
19.0789
19.0781
19.0782
19.0793
19.0792
19.0801
19.0798
19.0802
19.0798
19.0816
19.0815
19.082
19.0831
19.0852
19.0839
19.0867
19.0863
19.0868
19.0871
19.0868
19.0879
19.0887
19.0877
19.0877
19.0883
19.0878
19.0896
19.0901
19.0895
19.0905
19.0904
19.089
19.0901
19.1714
19.0911
19.0913
19.0913
19.0987
19.1012
19.0982
19.1012
19.0995
19.1004
19.1026
19.1002
19.101
19.102
19.103
19.1043
19.1017
19.102
19.104
19.1034
19.1036
19.1022
19.1031
19.5763
19.1057
19.5788
19.1068
19.1045
19.5846
19.1109
19.1127
19.1126
19.1109
19.1146
19.1139
19.5464
19.5868
19.1119
19.1138
19.1157
19.1147
19.1154
19.0807
19.1143
19.1154
19.1709
19.1156
19.115
19.1157
19.6132
19.1397
19.1384
19.6135
19.1417
19.1403
19.5744
19.5746
19.1412
19.141
19.6143
19.1399
19.1429
19.1409
19.615
19.5761
19.1452
19.1427
19.617
19.1456
19.1466
19.1456
19.1016
19.1488
19.1503
19.151
19.158
19.1578
19.1612
19.5944
19.5953
19.5952
19.5013
19.1665
19.4528
19.5143
19.1246
19.4533
19.1691
19.1675
19.1677
19.2528
19.2488
19.5093
19.5093
19.1701
19.1715
19.1722
19.18
19.1797
19.5183
19.2614
19.5218
19.183
19.184
19.1852
19.2641
19.1844
19.8961
19.1391
19.1837
19.1866
19.1841
19.1864
19.1871
19.1866
19.1873
19.1927
19.193
19.7079
19.2001
19.4853
19.4851
19.2009
19.2004
19.2009
19.1999
19.2071
19.2914
19.1656
19.2101
19.6452
19.9236
19.2134
19.2133
19.1694
19.2132
19.5527
19.647
19.2134
19.2187
19.5599
19.2202
19.5053
19.5066
19.6546
19.9341
19.221
19.7393
19.6965
19.6576
19.5097
19.6986
19.6987
19.5098
19.9374
19.6641
19.6661
19.7066
19.2329
19.5724
19.2342
19.2342
19.6667
19.2351
19.237
19.2366
19.3163
19.2362
19.2385
19.2382
19.1938
19.9497
19.2394
19.2464
19.6797
19.6811
19.327
19.2516
19.252
19.252
19.2517
19.2089
19.5375
19.7267
19.5932
19.3372
19.3335
19.2115
19.3126
19.771
19.8109
19.9677
19.2558
19.8142
19.2628
19.2647
19.2204
19.3441
19.6977
19.2697
19.2682
19.6089
19.3001
19.7786
19.3857
19.3864
19.5918
19.3057
20.0295
19.3158
20.0295
19.4001
19.754
20.0336
19.8381
19.8778
19.3222
19.2804
19.7972
19.6093
19.3232
19.8408
19.7582
19.841
20.0369
19.6103
19.405
19.7992
19.8418
19.7607
19.4074
19.3312
19.8441
19.3271
19.8846
19.3289
19.4096
19.7671
19.8894
20.0463
19.418
19.3342
19.8905
19.8906
19.3375
19.8512
19.6212
20.0485
19.7703
19.3405
19.8106
19.8544
19.6859
20.0583
19.8626
20.0597
19.8636
20.061
19.7422
20.0683
20.0694
20.0697
20.0704
20.0705
20.076
20.0821
20.0822
20.0833
20.0819
20.082
20.0823
20.0828
20.0849
20.0863
20.0862
20.0862
20.0907
20.0908
37.9885
37.9883
37.9926
38.4057
38.4068
38.4071
38.4073
38.4075
38.4084
38.4082
38.4087
38.4091
38.4094
38.4097
38.4114
38.4011
38.4122
38.4125
38.4588
38.4023
38.4131
38.4133
38.4637
38.4031
38.4143
38.404
38.4149
38.4154
38.4659
38.4689
38.4055
38.4664
38.4167
38.4666
38.4067
38.4175
38.4072
38.4194
38.4311
38.4182
38.4677
38.4321
38.4191
38.4194
38.4201
38.4202
38.4197
38.4089
38.4089
38.4197
38.43
38.4196
38.4197
38.4198
38.4199
38.4199
38.42
38.42
38.4201
38.4201
38.431
38.4202
38.4201
38.4202
38.4203
38.4203
38.4203
38.4204
38.4203
38.4204
38.4205
38.4204
38.4202
38.4203
38.4205
38.4204
38.4206
38.4207
38.4208
38.4208
38.4206
38.4208
38.4209
38.4211
38.4208
38.4207
38.4207
38.4323
38.4209
38.4209
38.421
38.421
38.421
38.4211
38.4212
38.421
38.4211
38.4454
38.4217
38.4454
38.4212
38.4213
38.4217
38.4213
38.4215
38.4214
38.4219
38.4215
38.4212
38.4456
38.4212
38.4213
38.4213
38.4216
38.4216
38.4217
38.4214
38.4215
38.4219
38.4215
38.4462
38.4461
38.4215
38.4217
38.422
38.422
38.4338
38.4222
38.4218
38.4219
38.4226
38.4218
38.422
38.422
38.4291
38.4295
38.4296
38.4295
38.4295
38.4296
38.4298
38.43
38.43
38.4299
38.4299
38.4302
38.4298
38.4301
38.4302
38.4306
38.4313
38.4552
38.4303
38.4307
38.4307
38.4305
38.4309
38.4308
38.431
38.4318
38.4309
38.4317
38.4318
38.4313
38.4315
38.4314
38.4314
38.4318
38.4316
38.432
38.4323
38.432
38.4318
38.432
38.4321
38.4321
38.4321
38.4322
38.4325
38.4322
38.4324
38.4326
38.4323
38.4327
38.4325
38.4326
38.4331
38.4331
38.4327
38.4055
38.4055
38.4056
38.4335
38.4058
38.4058
38.4337
38.4061
38.4059
38.4061
38.4062
38.4063
38.4064
38.4343
38.4066
38.4067
38.4067
38.4068
38.4068
38.4071
38.4076
38.4075
38.4073
38.4071
38.4074
38.4373
38.4076
38.4374
38.4731
38.4075
38.4493
38.3554
38.4379
38.345
38.3546
38.3558
38.3452
38.345
38.3448
38.3057
38.3456
38.306
38.3063
38.3454
38.3065
38.3553
38.3463
38.3066
38.3466
38.3069
38.3471
38.4522
38.3469
38.3469
38.3075
38.3072
38.3077
38.3079
38.3075
38.3076
38.3475
38.3083
38.3079
38.3578
38.3079
38.3086
38.2671
38.2782
38.3081
38.2786
38.2784
38.2791
38.3101
38.2796
38.2687
38.2689
38.3101
38.2691
38.2796
38.3108
38.2695
38.2695
38.2811
38.2809
38.271
38.2711
38.2712
38.2825
38.2826
38.2719
38.2723
38.2721
38.2832
38.2724
38.3118
38.2726
38.2737
38.2739
38.2738
38.2738
38.2741
38.274
38.2742
38.2743
38.2744
38.2745
38.2743
38.2748
38.2747
38.2751
38.275
38.2743
38.2753
38.2744
38.275
38.2753
38.2752
38.2756
38.2754
38.2755
38.2761
38.2758
38.2765
38.2764
38.2771
38.2772
38.2774
38.2785
38.2773
38.2787
38.2792
38.2794
38.2797
38.2806
38.2804
38.2804
38.2807
38.2413
38.2416
38.2816
38.2813
38.2415
38.2419
38.242
38.2422
38.2422
38.1553
38.1559
38.2421
38.1495
38.156
38.1495
38.156
38.1571
38.244
38.1572
38.1507
38.1589
38.0985
38.0984
38.1528
38.1532
38.1595
38.1594
38.1587
38.1588
38.1597
38.1599
38.1537
38.1603
38.247
38.1541
38.0996
38.1
38.1535
38.1606
38.1542
38.1003
38.0997
38.1545
38.1004
38.127
38.1001
38.1545
38.1555
38.1017
38.1013
38.1559
38.1562
38.1561
38.1014
38.1559
38.102
38.1018
38.156
38.1564
38.1564
38.102
38.1571
38.1026
38.1626
38.1032
38.1046
38.1037
38.1055
38.106
38.1046
38.1059
38.106
38.1063
38.1062
38.1064
38.1063
38.1054
38.1062
38.1064
38.1066
38.1602
38.106
38.1072
37.9763
37.977
37.9767
37.9764
38.1072
38.1076
38.1075
37.9776
37.9775
37.9768
38.1086
37.9774
37.9782
37.9741
37.9742
37.9744
38.1057
37.9786
38.1087
37.9781
37.907
37.9781
37.9072
37.9073
37.975
37.9753
37.9754
37.9077
38.0109
37.9791
37.9076
37.9755
37.9761
38.1103
37.9763
38.1101
37.9087
38.1105
38.1104
37.9798
38.1105
38.1113
38.111
38.1107
38.1107
38.1105
38.1117
38.1118
38.1114
38.1121
38.1119
38.1121
38.1121
38.1119
38.1119
38.1119
38.112
38.1121
38.1125
38.1123
38.1127
38.3012
38.3013
38.1135
38.1129
38.3021
38.1688
38.111
38.1134
38.1136
38.1139
38.1744
38.1148
38.1141
38.1151
38.1148
38.3025
38.1144
38.052
38.1146
38.0526
38.1145
38.0534
38.0536
38.1158
38.1156
38.1164
38.0537
38.116
38.1172
38.1157
38.1175
38.1172
38.1717
38.0548
38.1167
38.117
38.118
38.1295
38.4933
38.1175
38.1176
38.0553
38.162
38.1157
38.1161
38.1193
38.1161
38.0561
38.1181
38.1164
38.0563
38.0565
38.0559
38.1167
38.1166
38.0609
38.0569
38.057
38.057
38.0573
38.1201
38.1203
38.1207
38.0579
38.0578
38.1204
38.1178
38.0567
38.0584
38.1186
38.0577
38.1208
38.121
38.1211
38.0586
38.0588
38.0591
38.1212
38.1221
38.0542
38.1225
38.0545
38.0541
38.12
38.0551
38.0603
38.0593
38.1347
38.0594
38.0554
38.0605
38.1227
38.0609
38.061
38.0559
38.0606
38.1233
38.0612
38.0562
38.0564
38.0561
38.0566
38.0619
38.0572
38.0574
38.0573
38.0574
38.0619
38.0626
38.0575
38.0576
38.0577
38.0577
38.0577
38.0579
38.058
38.0579
38.0579
37.9971
37.997
38.0584
38.0585
38.064
38.0584
38.0589
38.0587
37.9971
37.9978
38.0649
38.0594
38.0593
38.059
37.9984
38.0595
38.0645
37.9988
38.1896
38.06
38.0604
38.0763
37.9992
37.9992
38.0605
37.9996
38.0665
38.061
38.1907
37.9996
38.2774
38
38.1901
38.3182
38.3182
38.0002
37.9999
37.9999
38.0002
38.1851
38
38.0006
38.2787
38.0002
38.0009
38.0009
37.9999
38.0011
38.1913
38.1324
38.0019
38.0014
37.9985
38.1316
37.9983
38.0014
38.1324
38.0027
37.9987
37.9988
37.9987
38.0446
37.9988
37.9316
37.9994
38.0033
37.9996
37.9318
38
38.3222
37.9318
37.9998
38.3216
38.0006
38.0008
38.1349
38.0038
38.0048
37.9329
37.9329
38.0039
38.1321
37.9332
38.0672
37.9331
38.0722
38.0723
38.0725
38.001
38.0014
38.0726
38.0727
37.934
37.9342
38.0016
38.0017
38.0026
37.9343
37.934
37.9345
37.9344
38.0026
38.0687
37.9345
38.0029
37.9349
37.935
37.9352
37.9348
37.9349
37.9354
37.9354
37.9356
38.0035
38.0038
37.9359
37.9362
38.0694
37.9359
38.0076
38.0088
38.0039
38.0046
38.0709
38.0089
37.9369
37.9948
38.0092
38.0091
38.0055
38.0056
38.0054
37.9374
37.9372
37.9377
37.9377
37.9378
38.0057
37.9377
37.938
37.9383
37.9382
37.9386
37.9383
37.9379
37.9386
37.939
37.939
37.9389
37.9382
37.9389
37.9385
37.9382
37.9395
37.939
37.9391
37.9399
37.9396
37.9393
37.9396
37.9399
37.9405
37.94
37.9404
37.9397
37.9405
37.9405
37.9408
37.9404
37.9403
37.9405
37.9413
37.941
37.9412
37.9409
37.9415
37.9413
37.9407
37.941
37.942
37.9417
37.9419
37.9414
37.9415
37.9419
38.4782
37.9421
37.9425
37.9424
37.9417
37.9417
37.9418
37.9428
37.9433
37.9426
37.9428
37.9429
37.9426
37.9454
37.9452
37.9454
37.9462
37.9461
37.9467
37.9467
37.9475
37.9476
38.4837
37.9472
37.9474
37.9474
37.9469
37.9484
37.948
37.9473
37.9479
37.9475
37.9481
37.9483
37.949
37.9482
37.9483
37.9483
38.4856
37.9494
37.9495
37.9497
37.9491
37.9491
37.9494
37.949
37.95
37.9497
37.9497
37.9508
37.9499
37.9499
37.9497
37.95
37.9509
37.9504
37.9506
37.9515
37.9516
37.9512
37.9515
38.4886
37.9519
37.9518
38.4889
37.9525
37.9519
37.9524
37.9522
37.9528
37.9522
37.9525
37.9525
37.9522
37.9524
37.9525
37.9528
37.9529
37.9533
37.953
37.9535
37.9534
37.953
37.9536
38.4908
37.9537
37.9539
37.9693
37.9801
37.9528
37.9541
38.0229
37.9543
37.9543
37.9549
37.9543
37.9542
37.955
37.955
37.9536
37.9553
37.9558
37.9553
37.9544
37.9559
37.9568
37.9558
37.9544
37.955
37.9326
37.9329
37.9548
37.9566
37.9549
37.9559
37.9547
37.9548
37.9572
37.9568
38.4417
37.957
37.9564
37.9337
37.9336
37.957
37.9339
37.9339
37.9573
37.9576
37.9345
37.9341
37.9595
37.9591
37.9588
37.9374
37.9377
37.9618
37.962
37.9612
37.9614
37.9604
37.9632
37.9622
37.9391
37.9635
37.9629
37.9397
37.9397
37.9401
38.4484
37.9402
37.9637
37.9639
37.9625
37.9644
37.9636
37.9639
37.9647
37.9627
37.9409
37.941
37.965
37.9643
37.9635
37.9419
37.942
37.9647
37.9421
37.9645
37.9425
37.9422
37.9424
37.9424
37.9648
37.9424
37.9426
38.4513
37.9429
37.943
37.9433
37.9661
37.9438
37.9658
37.944
37.9432
37.9662
37.9658
37.9445
37.9446
37.9446
37.9448
37.9682
37.9688
37.9688
38.0093
37.9688
37.9692
37.9454
37.9453
37.9691
37.9686
37.9455
38.5077
37.9687
37.9462
38.4544
37.9464
37.9694
37.9683
37.9466
37.9686
38.0404
37.9464
37.9469
37.9467
37.947
37.947
37.9472
37.9476
37.9478
37.9477
37.9477
37.9479
37.9478
37.9478
37.9474
37.9484
38.4571
37.9484
37.9485
37.9484
37.9485
37.9491
37.9487
37.9489
37.9487
37.9488
37.9487
38.4583
37.9496
37.9495
38.4585
37.9497
37.9497
37.9499
37.9498
37.9505
37.9507
37.9503
37.9501
37.9505
37.9505
37.9506
37.9509
37.9509
37.951
37.9511
37.9508
37.9508
37.951
37.9517
37.9517
37.9515
37.9517
37.9518
37.9518
37.9518
37.952
37.952
37.9523
37.9523
37.9524
37.9524
37.9525
37.9527
37.9536
37.9534
37.9529
37.9538
37.953
37.9531
37.9532
37.9534
37.9533
37.9531
37.9529
37.9539
37.9531
37.9538
37.9539
37.9541
37.9541
37.9541
37.9543
37.9541
37.9543
37.9544
37.9546
37.9545
37.9548
37.9544
37.9547
37.9547
37.903
37.9554
37.903
37.9554
37.9032
37.9033
38.4549
38.4656
38.4156
38.4157
37.956
37.9041
37.9039
38.4555
38.4661
37.9038
37.9044
37.9045
38.4168
37.9049
37.9055
37.9039
37.9046
37.9045
37.9044
37.9046
37.9041
38.4172
37.905
37.9051
37.9054
37.9046
37.9053
37.9052
37.905
37.9055
37.9056
38.418
37.9054
37.9057
37.9055
38.3877
37.9049
37.9062
38.4186
38.3884
37.9051
37.9047
37.9049
37.9051
37.9057
37.9063
37.9056
37.9056
37.9056
37.9056
37.9071
37.9067
37.9072
37.9068
37.9074
37.9069
37.9069
37.9051
37.9045
37.9054
37.905
37.9047
37.8624
38.38
37.9049
37.9864
37.9061
37.9068
37.9079
38.3399
37.9074
38.6213
37.9085
37.9067
37.9075
37.9081
37.9083
37.9079
37.908
37.9086
37.8643
37.8643
37.9091
37.91
37.9099
37.9119
38.4237
38.6223
38.4245
37.9122
37.9108
37.912
37.9103
37.9086
38.4749
37.9129
37.9127
37.9083
37.9134
38.383
38.3428
38.3834
38.383
38.3435
38.3952
38.3835
37.8633
37.9088
38.3441
37.9126
38.3448
37.9126
37.9122
38.3844
37.9132
37.9133
37.9115
38.2516
37.9122
38.3853
37.9129
37.9135
38.0636
38.1292
37.9956
38.6275
37.9117
37.9963
38.0676
37.9133
37.9128
37.9136
37.9966
37.9138
37.9137
37.9144
38.5329
38.4297
38.1982
38.4693
38.43
38.5337
37.8793
38.5329
38.5344
38.5623
38.5641
38.6247
38.6243
38.6271
37.9175
38.349
38.6273
38.4313
38.2005
38.627
37.9194
38.2006
37.9732
38.2014
38.63
37.996
38.6256
37.9742
37.9746
37.9741
37.9977
37.9742
37.9977
37.9751
37.9992
38.6331
38.6332
37.9757
37.9998
38
37.9993
38.0011
38.0007
38.0007
38.0013
38.0017
38.0023
38.0015
38.0017
38.4849
38.0025
38.0018
38.0021
38.5808
38.4764
38.4871
38.4765
38.487
38.4865
38.5405
38.4871
38.4873
38.4868
38.4903
59.9326
59.9329
59.9466
59.9337
59.9623
59.9348
59.9349
59.9764
59.9354
59.9638
59.9357
59.9359
59.9359
59.9774
59.9363
59.9364
59.9366
59.9366
59.9368
59.937
59.9374
59.9376
59.9377
59.9378
59.9378
59.9388
59.939
59.9393
59.9401
59.9396
59.9397
59.9727
59.9432
59.9734
59.9729
59.9735
59.8923
59.8924
59.9742
59.9452
59.9463
59.9765
59.9765
59.9461
59.8951
59.8953
59.896
59.9775
59.9054
59.8953
59.9778
59.8965
59.8966
59.8968
59.8966
59.8972
59.9909
59.9504
59.9921
59.8981
59.9001
59.953
59.9003
59.9948
59.9007
59.9013
59.9015
59.9959
59.9018
59.9963
59.9021
59.9559
59.9022
59.9553
59.9028
59.903
59.9032
59.9976
59.956
59.998
59.9036
59.9037
59.9038
59.9039
59.9036
59.9039
59.9039
59.9039
59.9041
59.904
59.9042
59.9037
59.9041
59.9046
59.9049
59.9052
59.9055
59.9998
59.9053
59.9055
59.9057
59.9061
59.9066
59.9063
59.9262
59.9065
59.9064
59.9067
59.9066
59.907
60.0015
59.9068
59.9072
59.9073
59.9076
59.9083
60.0033
59.9082
59.9086
59.909
59.9101
59.8998
59.91
60.0046
60.0045
59.9101
59.9103
59.9104
59.9102
59.9108
59.911
59.911
59.9116
59.9115
59.9115
59.9117
59.9658
59.912
59.9124
59.9128
59.9125
59.9124
59.9122
59.9665
59.9143
59.9139
60.0084
59.913
59.9142
59.9042
59.9146
59.9144
59.9144
59.9142
59.9146
59.9052
59.9146
59.9058
59.9157
59.906
59.906
59.9074
59.9073
59.9154
59.9176
59.9094
59.9092
59.9191
59.9097
59.9205
59.9098
59.9082
59.9102
59.9103
59.9204
59.9108
59.9211
59.9115
59.9109
59.9115
59.9104
59.912
59.9122
59.9122
59.9123
59.9119
59.9224
59.9226
59.913
59.9131
59.9134
59.9133
59.9139
59.9139
59.9138
59.9136
59.8747
59.9137
59.9251
59.8751
59.8449
59.8754
59.8754
59.9159
59.8755
59.8759
59.8753
59.8762
59.8767
59.8457
59.8764
59.8771
59.846
59.8767
59.8464
59.8464
59.8779
59.8779
59.8357
59.8476
59.8465
81.901
81.9016
81.9015
81.9019
81.902
81.9027
81.9028
81.9026
81.9027
81.9041
81.9041
81.8529
81.9042
81.853
81.9043
81.8531
81.8533
81.9055
81.8539
81.8534
81.8536
81.9055
81.8537
81.8543
81.8541
81.854
81.8538
81.8546
81.8539
81.8547
81.9066
81.8546
81.8544
81.8546
81.8544
81.8547
81.9067
81.8546
81.8547
81.8548
81.8546
81.8548
81.8548
81.9069
81.8548
81.8549
81.8554
81.8551
81.8553
81.8554
81.8555
81.9115
81.8598
81.8604
81.8641
82.4255
81.9166
82.4262
82.4289
81.9197
81.9199
81.8676
81.8679
82.4193
81.869
81.8681
82.38
81.8682
81.8688
81.8682
81.868
82.4199
81.8687
81.9206
81.869
81.8693
82.3815
82.3817
81.8697
81.8695
81.87
82.3819
81.8698
82.3821
81.8703
82.432
81.8702
82.3825
81.871
82.3825
82.4223
82.3832
81.8711
82.4333
81.8714
81.8715
82.4235
82.4336
81.8721
81.8717
82.4236
81.9246
82.3841
82.3842
81.8726
81.8721
82.385
81.873
81.873
81.9258
81.8737
81.8734
81.9263
81.8738
81.8751
81.8734
81.9264
82.3862
81.874
81.8741
81.8754
81.8743
81.8747
81.8747
81.8752
81.8748
81.9275
81.9284
81.8757
81.8762
81.8758
81.8853
81.8765
81.877
81.8764
82.4387
81.8783
82.3904
81.8785
81.8793
81.8803
82.3914
81.88
81.8809
82.4425
81.8817
82.3957
82.3963
81.8839
81.8838
81.8849
81.8844
82.3661
81.8847
82.3967
81.8848
81.8847
81.885
82.3972
81.885
81.8861
82.3975
81.8863
82.3978
82.3979
81.8855
81.886
81.8857
81.8857
81.8864
82.3989
81.8867
81.8869
81.8867
81.8869
81.8872
81.8883
81.8889
81.8882
81.8881
82.232
81.8889
82.3599
81.8897
81.8898
81.8889
81.8894
82.3609
81.8899
81.8898
82.3609
81.8912
81.8911
82.3725
82.6002
82.4042
82.4042
82.4538
82.4038
82.5082
82.508
82.5379
82.5085
82.5367
82.537
82.5374
82.5377
82.5379
82.5387
82.5385
82.5378
82.5395
82.551
82.5397
82.5988
82.5401
82.5527
82.6045
82.5649
82.5997
82.5647
82.6013
82.6006
82.5648
81.8953
81.8949
82.3765
82.3667
81.8954
82.6012
82.3669
81.8961
82.6016
81.8952
81.8958
81.8961
82.5558
81.8961
82.5546
81.8963
81.8975
82.4097
81.8967
82.555
81.8972
82.6099
82.608
81.8975
82.5455
82.3809
81.8982
81.8988
82.5579
81.8991
81.8989
81.8991
81.8999
81.8996
81.8995
81.8999
81.9004
81.9001
81.9003
81.9011
81.9007
81.9005
81.9012
81.9012
81.9012
81.9015
81.9014
81.9017
81.9013
81.9015
81.9018
81.9017
81.9021
81.9024
81.9019
81.9025
81.9023
81.9023
81.9024
81.9031
81.902
81.9027
81.9031
81.9028
81.9033
81.9033
81.904
81.9043
81.9041
81.9043
81.9036
81.905
81.9046
81.9048
81.9052
81.9055
81.904
81.9049
81.9047
81.9039
81.9057
81.9048
81.9055
81.9053
81.9054
81.906
81.905
81.9052
81.9059
81.9057
81.9055
81.9064
81.906
81.9057
81.9074
81.9069
81.9075
81.9078
81.9076
81.9077
81.9074
81.9081
81.9069
81.9085
82.6193
82.3406
81.9075
82.4237
82.4629
82.4234
82.6167
81.9086
82.6232
82.6211
81.8627
81.9105
81.8668
82.6245
81.9097
81.9089
81.912
81.9111
81.8674
81.9121
81.9107
81.9124
82.6217
81.9121
81.9133
81.9131
81.9123
81.9115
81.9126
81.9127
81.9143
81.9141
81.9123
81.9123
81.9152
81.915
81.9149
81.9136
81.9143
81.9165
81.9169
81.914
81.914
81.9139
81.9143
81.9161
81.9145
81.9144
81.9153
81.916
81.9166
81.9149
81.9156
81.9168
81.9162
81.9157
81.9157
81.916
81.9157
81.9167
81.9173
81.9157
81.9161
81.9179
81.9167
81.9168
81.9185
81.9179
81.9184
81.9183
81.9179
81.9157
81.9178
81.9992
81.9192
81.9208
81.8749
81.9196
81.9196
81.9192
81.9182
81.9199
81.9187
82.5391
81.877
82.3541
81.8771
81.9201
81.9212
82.5941
81.9216
81.8776
81.9209
81.9208
81.921
81.9222
81.9217
82.3946
81.9233
81.9207
82.207
81.9205
82.3948
81.9227
82.3556
82.2079
82.3559
82.2626
81.8801
82.3566
81.9229
82.2635
82.3574
82.2632
82.6409
82.4399
82.4796
82.6389
82.48
81.929
81.9289
81.9285
81.9831
81.9824
81.9833
82.6371
81.9826
81.9837
81.9834
81.9827
81.9837
82.6379
82.6471
81.99
82.4984
81.9904
81.9841
82.5048
81.9968
82.224
81.9969
81.9435
82.2793
81.9978
82.0213
81.9973
82.0232
82.0209
82.0226
82.6613
82.0222
81.8977
82.0234
82.0234
82.0236
81.9419
81.941
82.0247
81.9407
82.0251
81.9443
82.0261
82.0254
82.0256
82.2275
81.9437
82.166
81.9436
81.896
82.0273
81.9521
82.0305
82.0946
82.1683
82.2371
82.1492
81.9536
82.1703
81.9537
81.9518
82.293
82.1087
82.1713
81.9539
82.1716
82.2397
82.1775
81.9116
82.0347
81.9541
82.1786
82.2415
82.3883
82.2409
82.2415
81.9568
81.9574
81.9573
81.957
82.2427
82.3035
81.9576
81.9574
82.4308
82.038
81.9585
81.9592
81.962
82.0379
81.9602
82.2452
81.9571
81.9609
81.9609
82.3001
82.2448
82.394
82.2461
82.2451
82.2466
82.4342
82.435
81.9636
82.2461
82.4351
82.3085
82.6727
82.435
82.3018
81.9631
82.308
82.6743
82.2474
82.6744
82.4362
81.9617
81.92
82.3971
82.3972
82.4368
81.9205
82.3027
82.4374
81.9639
81.9675
81.9642
82.3983
81.966
82.3986
82.0485
81.9636
81.9646
82.4812
81.9651
82.4384
82.2506
82.3993
82.0461
82.0239
81.9666
82.3058
82.4404
82.3999
82.2517
82.0506
81.9669
82.4005
82.4521
81.9668
82.4012
82.6412
82.682
82.442
82.453
82.6283
82.6298
82.442
81.9265
82.4442
82.2563
82.6316
82.0515
82.6291
82.313
82.6878
82.3141
82.008
81.9312
82.4486
82.6856
81.9752
82.4482
82.6897
81.976
82.448
81.9761
81.977
81.9826
81.9823
81.9753
81.9824
81.9831
81.9842
81.9832
82.062
81.986
82.0624
81.9831
81.9815
81.9816
82.4565
81.9839
82.4573
81.9833
82.3238
81.9838
81.9836
82.3239
81.9837
82.5004
81.9884
81.9853
82.3245
82.418
81.985
82.5011
82.6974
82.065
82.3248
81.9864
82.272
81.9876
81.9875
82.5031
82.4613
82.4613
81.9441
82.0323
82.461
81.9873
82.6999
82.2724
81.9918
82.3276
82.4615
81.9877
82.4615
81.988
81.989
81.9454
81.9886
81.9873
81.9883
81.9876
82.4635
81.9935
82.4635
82.5454
82.4641
82.5057
82.4638
81.9473
82.507
82.5065
82.5464
82.5467
81.9913
82.5469
82.7034
82.7027
82.5079
82.5478
82.5479
82.5473
82.5895
82.5483
82.5478
82.5084
82.4262
82.6122
81.9966
82.5588
82.5586
82.5593
82.3883
82.5595
82.3331
82.2789
82.0737
82.6549
82.6141
82.6424
82.7133
82.5614
82.0784
82.6434
82.7035
82.6146
81.9969
82.7072
81.952
82.7072
82.7079
82.6439
82.6438
82.4297
82.6443
82.4694
82.6571
82.5518
82.5523
82.6451
82.4699
82.6463
82.6462
82.6466
82.0552
82.4708
82.6586
82.6705
82.3372
82.6598
82.6472
82.2833
82.6597
82.7077
82.3383
82.4316
82.2835
82.3383
82.0565
82.711
82.5149
82.7111
82.0781
82.0787
82.6738
82.7124
82.6618
82.7126
82.5165
82.7111
82.7123
82.6736
82.6742
82.7121
82.7111
82.7131
82.713
82.6746
82.7139
82.6755
82.714
82.6739
82.713
82.7136
82.7141
82.7141
82.7142
82.7174
82.7132
82.7132
82.713
82.7134
82.7129
82.713
82.7132
82.7135
82.7137
82.7137
82.6779
82.4779
82.7138
82.6542
82.6654
82.007
82.0073
82.0069
82.0073
82.0063
82.4898
82.0078
82.0074
82.0083
82.5213
82.7165
82.0083
82.0107
82.0088
82.5213
82.0089
82.5216
82.0624
82.0109
82.0103
82.0626
82.0111
82.0109
82.0111
82.0636
82.7223
82.0112
82.5727
82.0631
82.7182
82.0639
82.0634
82.0638
82.2247
82.0646
82.7281
82.0643
82.0911
82.7232
82.1595
82.0919
82.2307
82.0923
82.2257
82.1637
82.2944
82.294
82.0925
82.2261
82.2261
82.232
82.2951
82.231
82.2319
82.2265
82.4826
82.232
82.227
82.2956
82.2948
82.2957
82.2946
82.2959
82.2956
82.2953
82.2954
82.3578
82.4445
82.7212
82.5779
82.3514
82.6303
82.6733
82.6735
82.7226
82.7236
82.6876
82.6877
